117649
1
125000
1610612736
68719476636
22082969868
18291957845
68719476724
19770256717
13107199999
42314751368
68719476664
1643589966
10042695113
20654321183
16271662176
14474591766
12364808192
14206147656
41173279744
32826171869
19034280736
24794895671
22428941423
35701250000
15187499975
12052277289
14436182168
17595447993
28400183328
68719476718
15258789071
5230176597
11617831701
13046345109
1355971711
559240533
45387431229
1546540634
68719476664
13846326049
50037440256
63999999960
20968686352
35255263407
42179943817
22149448049
12174546468
55256328121
12380676349
1097806348
24212164
68719476664
68719476734
19770256717
13223952699
46651217031
50037440256
68719476720
56757188855
33491210937
68719476732
32889537625
20776904260
32826171808
11018366253
52522526605
15433401260
52657567863
62440312500
14316557647
68719476664
48830282404
36800163486
10230600174
12610502187
24772541675
14698477392
17595447993
38021875000
17173523656
41006250006
36691771390
37567171935
16209796849
17595447993
16542390593
34304392584
10147248326
25354589285
26051459252
18078415932
27414203951
16596142552
24073537343
1387950089
15319310457
23245225920
11005860338
16369358325
1067311734
15608222780
41333476457
30517578121
31380929401
12504699417
44386483756
10754021376
11478359323
10975158323
36660597894
3466854400
32169648439
17964142659
32826171855
51307686144
15992838541
19573852375
13282094943
29742737147
0
30523342925
21624389644
11111111111
30534872528
54931640672
68719476735
18015003125
68719476664
68719476700
27628164062
10942057291
16610653465
65536000000
8707129344
1355971709
-1
