117649
1
125000
1610612736
68719476636
14200074521
19531660032
22164243480
68719476728
10500706806
39216333
24790128327
17179866783
10334763901
12454560000
12230240939
21307124336
37822439931
56800767021
68719476680
11444091796
18720947969
10552708333
13884199129
61383601048
34302212043
6101872695
63281250000
13250334253
61383601048
15552003125
12194638563
46588891136
66493067762
34304392584
68719476680
21446432290
13884199129
55056756159
10319560646
10976630414
15727636718
16903502504
20656105526
32930741565
3002500520
58773123072
17173458120
32826171875
10557772680
14946778116
68719476680
15841193328
2020202187
14060175693
13884199129
52403203125
1743392200
30838183254
27894280392
382241678
21103511871
13840320316
7862522441
21894529023
20654321183
17990571337
31492799907
33473130248
23612624896
68719476672
40001688003
12961314557
22160243414
10871638479
1355971715
17623416840
25092712448
11053346371
10062427846
32826171791
21466822650
10670308742
1355971704
10920562537
24716870652
1794279647
11140077898
32826171873
31492799993
48424328
34867824327
64339016936
31381059594
31492800092
63746150400
11259376952
13060414080
12880093592
18524009191
41564767824
57521883
20435887863
1743392202
32309356618
22723927227
22160243414
18557873905
15490782269
68719476680
68719476700
10334761206
40006400256
14804491544
25595217031
36910099204
11360047114
68719476722
10044642856
29742737147
0
30523342925
21624389644
11111111111
30534872528
54931640672
68719476735
18015003125
68719476664
68719476700
27628164062
10942057291
16610653465
65536000000
8707129344
1355971709
-1
