117649
1
125000
1610612736
68719476636
10933867134
41520960931
23342483041
17160695223
25599992224
68719476688
66701250000
10349925784
17414258688
15258789061
756784410
15258821830
34092998808
31057421875
34296439473
848968028
1355971703
11874119123
13817372356
68719476688
30838183254
45535459198
63927664464
10545133412
15398263294
1355971702
31757969368
10574636816
11065403348
10304074872
12220512761
39293150625
1743392191
31381059563
42180259127
15258790086
15475845435
11578613962
710475144
10480995850
41399703138
225995285
15551967232
51519954457
15187499986
10317230293
14072877892
10571018590
4839309619
12380676348
24911280068
11697174392
14644494482
68719476688
22427341641
29056538625
21558413851
335764423
27437936765
21309155952
21743271936
59048999999
17462070073
30836196487
15090901446
12900416400
1225510416
51654592085
13817372356
42618052358
68719476726
10737414480
44789760002
13313860701
1634321079
28669120774
31057421875
68641485508
13817372356
11160714289
1355971714
40515846608
41334296875
66015627260
17857142856
37822439931
4266666666
10142899211
23327720064
17255641108
10571018590
22212921600
11019224949
15630764793
30515656525
20632042295
15710097656
20469601621
26358477959
51816796875
16796160006
15187499913
41518828060
12653357142
63281249995
68719476708
37528080197
13415765333
11676941040
20841167395
31492800000
68719476688
22465605393
68719476696
29742737147
0
30523342925
21624389644
11111111111
30534872528
54931640672
68719476735
18015003125
68719476664
68719476700
27628164062
10942057291
16610653465
65536000000
8707129344
1355971709
-1
