117649
1
125000
1610612736
68719476636
16605523583
20112114125
10545251059
25722773437
24772541675
12397455644
37822584847
29608983095
17507783381
32826171802
40424237568
21862578124
4503750781
68719476704
36870930432
10783998293
48015026144
38439453125
3175300800
3482001432
2615088294
13326888810
16726380544
13197215852
37821599649
11115069269
20970182291
10460353203
68719476716
15187500000
68719476704
13743895344
10458518195
35642689496
62523502267
17725682892
15193828125
11094883915
36870930432
26572049998
10706438929
41322093553
27548062372
21340617483
15270994829
21828289536
26363258527
15187499930
35952621376
10825372010
581610154
13061364932
68719476730
11408503820
29919346680
10458518195
32105292192
38055255616
21245515093
38055255616
32155898512
20884214124
42618143384
31492799996
1355971719
22496284608
31221397497
23328078125
13047182620
40555859375
13055911040
38443228303
38486406087
6407226562
101066214
31370981917
1743392189
42180259127
27690718316
15319310457
17148503560
32543288308
17160695223
38443326607
36030112080
27189785255
25111473156
34257567744
910222222
17179869182
12230512339
26261675074
20006260893
1503238552
10812194822
68719476704
18301250004
13840320309
17433390564
17623416834
15332135331
14706124999
10304074865
30009391340
10458518195
68719476712
13729213578
15992838541
13210272409
16398965952
252645135
68719476704
15477661440
428768093
29742737147
0
30523342925
21624389644
11111111111
30534872528
54931640672
68719476735
18015003125
68719476664
68719476700
27628164062
10942057291
16610653465
65536000000
8707129344
1355971709
-1
