4.0000000000
1.0000000000
1.0000000000
2.0000000000
2.0000000000
0.6111111111
0.0100000000
0.6111111111
5.2937370714
0.3931996496
11.0445337986
2.0777525750
4.8013298058
0.0925901184
5.2170809540
2.8263276111
7.2530407655
4.1854333868
0.2348376111
1.0517364512
0.0925901184
1.0517364512
1.9988021561
1.5152495697
9.2586039054
9.8035730562
2.5139693356
2.3766501335
0.2348376111
0.3931996496
0.8495719527
1.1707239711
5.5086335049
11.2472986391
1.9216647806
1.3439915935
0.9194361747
0.6138984267
0.9968004266
2.7375860598
0.9531580059
0.9580723435
4.5361452452
0.8745313510
0.9747117296
1.1520992870
0.1031212485
0.5749861927
0.1031212485
1.7354313824
0.8116206935
3.9458333333
1.5332397825
1.9850287471
1.9367483296
1.3604408450
0.6214208046
2.4733616604
1.2727346541
1.3610372771
23.2735304724
4.3161301733
1.3098524337
4.8020493359
3.6559374504
29.3255404480
5.6673984632
8.9105867414
7.6699300699
4.5104678335
0.6060237385
0.6060237385
1.2265921508
12.7828286700
5.0738655028
3.5991024682
5.2937370714
0.3931996496
11.0445337986
2.0777525750
4.8013298058
0.0925901184
5.2170809540
2.8263276111
7.2530407655
4.1854333868
0.2348376111
1.0517364512
0.0925901184
1.0517364512
1.9988021561
1.5152495697
9.2586039054
9.8035730562
2.5139693356
2.3766501335
0.2348376111
0.3931996496
0.8495719527
1.1707239711
5.5086335049
11.2472986391
1.9216647806
8.0417288833
0.1102938027
7.3430581714
0.0864579037
0.8789727938
0.2876992031
12.2788803008
6.6500863764
0.7704981111
0.4202148669
1.9001407512
0.1102938027
0.2876992031
5.3587873166
0.2019135503
2.3431246242
0.9727296383
0.2019135503
5.6449118608
0.0864579037
0.9482558495
0.0093899871
3.0153235188
1.9283007579
1.2595913878
0.0093899871
8.4970496103
3.2107894605
0.8789727938
2.1119782991
11.6738499793
4.8586368554
8.0851875809
15.4112778373
1.2875143184
22.6508645813
0.7069846622
1.5331647367
2.7177212141
11.4857459175
6.3117810393
0.5467815932
4.0032830566
4.6812704066
0.4447805210
1.0191753788
3.9049306048
3.3953057962
1.4017881896
2.2906695464
0.8182827079
1.0191753788
5.3572025246
1.6290093382
10.2959428800
4.4435739747
1.2073044825
2.5741730763
1.5792042681
6.4521601547
0.7069846622
2.3286543206
12.7622711595
7.4080650380
1.9868082834
1.6116946090
1.2758657584
10.8421564391
0.5405966628
3.5202684707
1.6801409021
0.9476414570
4.3238855256
1.5047375914
0.8495287875
3.9333688481
7.2628825041
3.1128298453
5.4327274203
0.9557567408
1.7555469054
6.3078286665
1.2310045895
2.7046017468
1.9868082834
1.1404629520
2.0359890399
1.6801409021
1.6116946090
1.3497750233
2.0036275695
0.4201726389
6.8061058474
1.2746367429
0.5405966628
0.8404791409
0.5039240992
3.0448208063
0.8053900649
10.0133794016
10.6826069246
4.4862973761
12.9880291548
7.5254708678
10.1657730116
9.8099785938
9.7456787445
3.0448208063
0.4363107709
11.4231416887
3.2098358593
3.8250436631
3.4449784554
3.0103605753
8.0134642113
0.1212971201
2.2440015548
0.1212971201
9.4364727153
3.9900349836
2.7624064319
0.9213138238
5.8688182306
0.8053900649
1.3442656484
7.2781603332
4.1735633173
1.2128145448
12.6148165138
6.1508771930
2.1204165543
1.0510123882
5.5212274065
1.3237927860
9.2424227563
16.1641765215
4.1884466729
2.6110459466
3.9646869984
7.0870718232
8.2978292044
5.5931975919
4.4955656759
6.1721303906
0.4757195678
0.6942143327
5.4652103254
3.1591667626
7.3378283618
0.4757195678
2.8809686221
0.9301953577
6.5054167269
6.4610345043
5.9293862892
3.5331471588
9.8663611366
2.5142167382
24.3139091224
1.3221883445
7.3451588634
6.7687232926
3.2098358593
4.6664418881
6.9874814636
8.7455993971
3.1307704945
7.0370889071
9.7147006730
2.8070518188
0.3580226721
0.7179690932
5.5159465881
9.7398651949
1.8191597987
2.0260218943
2.0260218943
10.4520859333
0.9177118926
0.7818601149
4.2992271505
4.1568471613
1.4893078409
9.6997361042
6.2365198212
13.6726007015
4.5063738289
2.2501394298
0.0390568122
0.7179690932
6.1888621389
1.0659465616
2.1801939246
7.7407265591
1.1485491377
0.3580226721
14.8706264641
0.6315457492
11.1827407294
1.9090106205
7.4597773993
7.7307542009
11.7720375912
2.1230188679
14.3684730037
1.1485491377
0.9608658009
0.7292807068
10.8172262893
0.7818601149
7.9281767956
2.6742763962
4.2464841203
6.8037647059
10.7570626170
6.2888888889
0.8359734287
7.4306944640
0.9106495390
0.7935218126
8.8233703946
2.2501394298
7.1800190453
2.2231668438
3.3846372204
2.2298627217
2.7042773962
2.7437112520
3.2478554087
3.6614410135
1.2496128832
0.7506769632
3.5067630597
7.6285306705
1.8903140014
3.1475295146
2.5318997870
12.3360257078
0.0390568122
1.1282654512
10.5932093626
12.8790055695
2.3951807436
2.2795301367
13.0811154510
5.8250546316
3.2954912487
4.0107476127
7.7336119990
4.0071811837
13.8908099112
1.7252400502
1.8027641134
6.5637532134
0.9177118926
1.5155628740
0.7935218126
4.2231213873
1.0659465616
3.2939273270
2.5408814887
1.2551352505
6.0296106119
3.1259078997
7.8021860266
1.9090106205
2.3951807436
8.8976292636
4.0797032692
5.6553080617
8.7698565747
5.2064240202
6.1274759596
0.6315457492
2.8514004149
1.4728172062
1.1152544224
3.6959102425
11.9166786692
3.1435722412
2.7950752394
1.1267196280
0.8999359846
0.9651864808
7.5962415212
1.3011443155
1.9430718728
5.8250546316
1.3705294118
2.2839998209
2.8018786872
5.3521172244
3.0076659543
2.3294148795
0.6978666157
1.1408706167
0.0367232381
0.3795258488
10.8780560171
4.6895195578
1.0927324290
0.6350506801
1.5059058868
0.0367232381
3.0415799864
12.4132417944
7.2965517241
3.0415799864
0.3088990499
2.6857430638
0.9652081267
5.1976619581
6.5662005249
7.9560605182
8.6011383142
1.2456196039
1.5920863550
5.4833579882
10.3788239293
1.2020039944
0.2195888510
0.6978666157
15.5986849027
0.6350506801
4.5585926308
5.8994795426
4.5167147352
1.7479920546
5.4099002517
5.3576967676
1.0514618895
5.4190042304
11.2948741845
0.2556630807
1.3830399207
3.5213717448
1.7368455074
6.0799534371
9.6033798931
3.0394691486
0.4050413873
6.1920509936
0.9887117740
0.3795258488
9.0854209733
18.9701953748
0.3436181998
3.0497433021
0.9758688997
0.0696843054
0.2195888510
10.7506431823
4.1855828811
4.0968683652
0.5627750753
0.5593795179
5.7614391616
0.0083487987
7.0767206478
9.2998803575
0.6086720447
1.2596708131
4.1280146386
11.5961060720
11.4826489464
7.5741955398
3.9057147702
0.6916977778
0.0539298403
0.4050413873
1.0281929991
0.0083487987
10.6503016086
1.2020039944
5.3886222138
3.8936771634
11.7060538117
16.2848876459
6.5320293816
3.8399443285
14.9654208645
6.2524157962
0.8594230437
1.3147528800
0.3088990499
0.5818846902
11.6032516380
4.7573563538
2.7827889574
1.9479327821
6.6103118932
6.8159801449
9.9397114655
7.2157052250
11.0797699425
13.2064871127
8.7268923545
0.5593795179
2.1341700180
3.3263699667
5.7410943655
14.8632374265
6.2749823134
4.0847294589
3.0000854263
2.2557816193
3.1412267236
0.4238649593
7.5445172997
0.9269298466
0.0696843054
1.4030695819
0.0539298403
5.1259140908
0.2556630807
2.6849735033
1.7459422197
5.3119259860
1.4887296015
2.3725594368
0.6991612461
0.3436181998
1.5629295691
2.6495855984
7.9973195305
2.2510249013
0.8463078058
3.6239546340
5.6958250497
1.6242632613
3.2895056234
1.4887296015
17.1871227364
10.3630563943
2.0890399491
0.1283712058
0.6024479804
2.2385204082
5.9534566839
2.0890399491
10.8048244006
16.1288445553
9.6061475900
10.4389919030
6.9575476168
0.6485313740
1.0175731287
0.5750141567
2.0789622600
3.7741142456
8.1096337580
5.9436817242
5.0730619932
2.6758817564
4.6972152871
0.0126470959
1.9307709482
5.0853546208
8.3451397943
0.4037024803
6.3149399132
2.4911703323
0.4146594530
9.4618213842
0.5750141567
0.4822283283
19.6667934938
7.4250609155
5.1546777692
0.7393996500
6.4401625849
1.3938613657
3.0999312479
3.7741142456
13.8348343685
2.7922054662
10.1230151703
2.0405138340
6.0523799733
2.3353098349
8.5645806051
0.1283712058
6.4126454585
2.0754239810
5.8265232399
1.4636114249
3.3984909479
2.8152283131
1.9307709482
3.4585577735
5.2127559426
3.0418504462
2.3135599135
3.3984909479
1.0735305358
0.4295742778
1.4015103368
4.6276582358
1.6715599076
7.6307137465
8.3674554408
10.7988802122
1.5782872417
3.2072793298
3.7603105078
3.8280762914
0.9713952330
0.5644247788
4.5174636404
4.3481069878
3.0341969362
3.7306959657
2.7311943292
1.4270219604
5.2431721259
1.7728618226
1.5719647645
3.6908490646
5.2388623886
4.2765988267
3.3990685038
0.3522096060
2.1322741878
0.4295742778
2.1570797296
2.7328296278
0.9713952330
2.5902831065
6.8528442785
1.5998815968
5.0446760381
0.0126470959
0.6377772003
0.3522096060
1.6800940560
13.7497559070
1.4540069566
6.0620638662
3.1445753211
6.7364939973
2.1223164228
2.0020721516
3.8595605082
0.5472796180
1.7030855812
0.5785227084
17.4321663020
0.4000137108
4.5883421862
2.9759557883
0.8223502758
14.1513182557
4.2653265173
4.7643476993
0.9102010969
3.4744845361
0.6485313740
3.4078179956
0.5472796180
8.6410681018
2.9416105229
5.3364870105
7.9017996511
7.3591665608
8.6164040642
1.6715599076
3.4361869748
0.4037024803
3.4489745139
4.3481069878
6.8748194877
1.8823592898
3.5297663393
1.3401018897
3.8488178758
3.4585577735
2.6478873239
11.3023543990
0.0000829664
10.0972886762
0.4519157705
5.7335327306
0.6565920884
6.3312576016
0.0377672768
1.2882311897
0.0000829664
6.5126655374
5.1364790645
5.6218834081
5.5470875480
0.7754031216
0.4592872697
1.2166090649
7.5763858577
3.5069235903
1.3896349952
10.9586784551
4.4778989848
10.8906826400
0.4494756683
3.8736708513
0.8231133948
7.8815136476
3.8782230084
16.1740025740
4.4891210582
2.6564926613
1.2924014435
0.0310127191
0.9570966178
5.5215752597
6.0157581835
15.3498369211
8.8056515957
0.9821116782
5.4530896690
3.3555932203
1.4381672811
0.7573247724
0.8689075091
4.8185139495
0.5524505405
3.4328341529
0.8231133948
3.2361397818
0.4519157705
2.2682716617
2.5574212633
0.9821116782
3.9931851371
9.4690969954
0.0461829194
0.2936840406
0.7754031216
2.1193690683
2.4001356009
2.2314335060
0.4944666237
4.1685240435
0.0310127191
6.8315268037
2.9578612959
4.1361210615
6.7079434966
0.0377672768
1.9079814316
0.7182632683
1.5507872245
3.5369825048
11.3223672203
2.2392411383
3.9180740879
4.4409085755
2.2071885585
2.6785658307
3.4349617043
0.7397454737
1.3147135595
1.1741613933
9.4364857603
2.7647436381
9.0921757771
12.6111296605
0.8631498471
8.4610176242
6.9472774033
1.0268138801
8.0828010844
3.1079657670
7.1674256799
0.6565920884
0.4592872697
0.7334683837
1.3130523188
8.4002913480
0.9089869073
1.3147135595
3.4169090402
4.8117930651
3.8587924647
2.9406437230
3.6954134367
1.9762076796
10.3202072539
1.5170782609
3.9604034717
0.9570966178
3.6475219181
0.4494756683
9.8719735238
4.8739866056
0.3557220999
0.0087333854
9.6553284808
0.0087333854
2.1319411324
0.7182632683
4.0531965460
5.0646331494
0.0461829194
0.9556765308
1.2166090649
5.2036804026
3.6372664411
4.8248851775
6.5179560590
1.3896349952
4.1906389148
6.1370827341
4.7654687107
4.4771676835
7.0170012290
6.6858867925
3.7980866062
1.7677022725
3.0324736225
0.8902352822
5.9492165037
2.8751623904
0.9556765308
5.8152951348
0.7397454737
0.2936840406
1.9350662589
5.9236693610
20.3129610878
6.7304333765
10.2742580986
1.6238632439
0.8046497353
4.3972237715
6.2681717693
9.8600366916
0.7573247724
5.4792178109
8.3369024534
4.3267318982
3.4378402904
1.8361729090
5.5219216418
1.2459229702
2.9987254188
6.4188905394
1.7380623680
5.0172378412
0.4944666237
5.9681538462
3.4605299972
6.3063930545
0.8689075091
1.2066387560
6.1870217325
6.4670849421
3.3859318347
0.8024497282
2.4994908972
8.5155805491
0.5701085205
5.1517873181
0.7873721258
45.5280798058
1.5045211224
2.3956989419
3.2034645518
0.2374645683
2.1664366432
0.1897748997
1.2506238008
5.5913608758
1.1527821765
0.9039355829
1.5994214079
2.5268872147
0.6758037190
0.5304619656
1.9689216715
2.0439924726
2.2747291574
1.8607477426
2.5550674015
2.1692835857
0.8293730923
0.7861646701
0.9489185131
0.5517843105
1.1790243572
0.9692557282
0.8982600969
4.1432824648
0.0604386083
1.5844461122
2.5919706409
6.2892313851
22.9658829512
0.2616459943
0.0899107584
1.2419735203
1.0059122863
0.4895361455
1.4612159597
0.3679743768
0.7895767381
1.4003039253
0.5681410499
0.8184097643
0.5038179549
3.7714419227
5.3244699340
0.2532809835
0.5334268273
14.7647350318
0.2144706086
1.0463510022
1.0522583053
0.9113368212
0.1968478402
1.9515692741
3.4671226715
2.6831255206
2.8365159238
0.3996252891
0.1180703916
0.8677793741
0.4556993953
0.3370278340
8.8082011396
8.7700859350
5.3594210824
2.1007754614
1.5428582187
3.8465802002
1.2563100573
1.3254099646
0.7756642212
0.9971941545
0.4633790545
0.8442753233
1.9070541785
0.4353238412
6.3619548818
1.1053711264
1.8594528939
0.9974351444
1.1513220888
1.1934128217
0.2871957995
0.2854617271
4.7422290606
2.3791694918
1.0764978699
2.5686161917
0.3236144772
0.5481623617
1.0183793972
0.8253537054
0.2744127424
0.6929718932
0.4101493385
0.6607475880
1.2255897687
0.7629080275
0.9771952642
0.5143116390
0.1496853176
2.2981985176
2.0145859908
0.2290181593
2.0735196567
0.8976478169
1.4197708470
0.2995680605
0.3904370117
0.2401792020
2.2757410774
0.2850065594
2.3576001993
0.4151098347
3.5486679147
1.0934787003
0.6143387729
1.0260643440
6.5834816133
0.0659157225
0.4909460473
0.3443269728
0.8114014529
1.2380978167
1.3731742866
1.1371328632
0.2995680605
8.0730869972
0.4639789913
3.6548176196
2.4131654474
1.1856792964
2.1924313719
46.7079903978
4.3138974171
0.7181513443
1.0032834072
2.0218597480
0.4256690922
2.5652773020
1.5729460425
0.0935300377
0.0368837518
0.6467919998
0.0603631252
0.0886624553
0.8278713255
0.3308374261
2.0145980702
0.9720340922
5.3144647019
0.9967698030
4.4703451991
0.7058276053
0.1781953618
0.9927352881
0.9657511434
0.5689593761
2.2849384410
0.0465699715
0.5750773801
1.5327501578
3.7860217587
0.1224170423
0.3539592145
1.3818067516
0.8057297318
1.1132680883
0.4185319289
8.1831234483
1.1331235054
0.8279905306
0.6508953748
0.1322464221
0.4108832649
5.8099316370
0.9742010292
0.5079414289
0.8583184430
0.8231581105
1.9053347116
3.7671534714
0.2046508073
0.9314998434
7.8439088615
0.1605036600
13.5714027239
0.7776380148
0.7217475376
1.7964844758
0.3136742412
1.1315622639
0.5731977953
0.3586991309
0.2710340577
1.6238624460
22.7195471286
1.0755629206
1.7695387948
1.3950277458
8.3043394555
3.8538490002
7.2701751279
0.3205154878
0.0542932577
0.7990096597
1.1435567210
1.3936551355
1.0711299798
0.8318675615
0.6070785376
0.1859812594
2.1119743798
0.8540860762
1.3222667315
1.2861980279
0.6106102506
3.1799061935
0.2214344997
0.6057920944
1.5367379950
3.4221807463
0.0617406461
4.9382895822
0.7962984027
3.6881178762
0.7510109896
1.1169939595
0.8455425255
2.9219464871
3.0169400367
0.3657767415
0.1441521117
0.2130132748
0.2895290863
0.2908752798
3.5240606882
0.7318470491
1.8760398074
0.6618828865
0.7237793796
2.8568231341
0.0662602839
1.8487065988
0.0510598871
0.3224463816
2.5901810687
1.1087473318
0.4079431988
2.8263266167
1.0605322694
2.9441448956
2.3833242464
1.1550529760
6.1740980864
0.6609051482
2.7517314929
1.1145026537
1.2327892507
0.5708584125
0.4297626002
0.1620815458
16.9707230673
5.4499416166
1.4246247643
1.5817874473
0.3759829051
0.0584116317
1.0767520408
4.4717542699
2.4553190313
0.5745704305
0.5267374182
0.4937717100
3.0171340361
0.3757662132
0.9742124651
2.8285852404
2.9757965224
0.2285541918
1.1169153328
0.1911763186
0.1692900550
0.2395520418
1.6881233416
8.2848979977
0.2714037180
0.3105661206
0.9707793566
0.1515175523
1.0433347226
1.3446076607
2.7874449013
0.8208034167
3.3207626126
0.8148244031
0.6532316285
0.9668023495
0.2162961304
7.5106507915
4.7339884362
0.3597078479
3.4715989270
2.5884508316
0.6025885966
1.2888460418
10.5244386405
1.0469768165
0.3518932972
0.3492836809
1.7580165619
2.0590511446
1.0299473880
1.4645830172
0.7156646761
0.1738955553
0.2487765081
1.7427095331
0.1267428121
1.4936763118
0.9024713618
0.1501652793
0.2159460513
1.3410245421
1.7545570591
1.3577439486
0.1234506121
8.5094464262
0.1510301771
1.0821606743
0.7035986748
2.7894225592
2.4489490420
0.1966671885
1.1115604247
0.9239569542
0.9451009101
1.3800159247
0.8377711410
2.4183573549
0.1526436853
0.8651549458
0.4959205628
0.8349329997
0.3252374665
0.0595488424
0.9110867717
3.2714476798
0.9989530379
0.6249989639
0.6267691513
0.9652779969
0.0210772602
1.5619049019
0.3231284159
0.1468703898
0.3666050871
1.2280037020
0.8836276083
0.4931490670
0.6482996220
0.6544691808
0.4033985592
9.2662213218
0.0662602839
1.2444260239
8.5244205298
0.8450645036
0.5429986593
2.4433303076
0.6211528769
0.7997315676
0.6279886584
0.6575342466
1.0601110087
1.1102262055
0.8635803083
0.0342190113
1.0502460196
1.3588804804
0.1911763186
1.0355169040
0.5411199530
2.4752537235
8.1229067212
0.6272834026
0.9669596287
0.3298561132
0.0440313088
0.4477101737
0.0730137146
0.7574709683
0.6678489974
1.2361471332
1.2044288457
1.3378969214
2.2223664965
0.9817037003
0.3715303911
0.2453400408
0.4813664750
0.3902567476
0.5943672626
0.0754055586
12.7870692284
1.1360286900
6.2833251280
1.4734616127
4.1352589280
3.1592831524
0.1938894715
0.3949357620
7.6617898983
1.0423611491
1.5357757260
1.2189874251
0.2220333320
0.7220792740
0.3458068365
0.6569061502
6.4355118324
0.0328128019
0.8352660787
0.7643891750
0.6716263720
1.4234591097
0.4393730098
0.6889641969
0.7445005951
0.1992445703
0.3335404656
0.8208471900
1.9166313817
3.3290540804
0.0098649941
0.0646537529
0.3738581978
0.2243336738
0.6166910070
0.2937962583
0.8870760518
0.1998264045
0.0711969028
0.8014932727
1.1154634848
1.4893896187
2.7814782374
2.2007475137
1.7676486925
1.2239873991
0.4349247962
0.2463253861
0.0223713459
2.7148259893
1.0786317024
0.5867904460
0.1021953925
0.2435939119
1.9167903626
0.2253180700
1.7545278171
1.0337356111
6.6512181803
0.5291102316
0.9398170039
4.3731492302
1.2805856202
2.2522642163
0.5456714863
0.6739006152
4.1511403599
2.2030961897
0.6636667310
1.5341308002
7.6688999089
0.6983688809
7.2964532384
2.3077124922
0.8934609072
0.0098649941
0.3149137352
0.1891269203
0.2954442355
0.3788568852
0.0302698217
14.2245355715
0.1351353259
1.6122581635
0.4392877127
1.5391434521
0.5019883284
1.4917341635
2.1378408413
1.5283339485
0.8921380690
1.7495758983
10.4306883365
1.0424412052
1.1820602816
1.3366953675
1.9770838124
1.2934853522
1.1394254151
0.1624446212
0.4222125050
1.4119819119
2.9153721849
1.5120724720
0.2100154708
13.2199136093
0.3670752056
3.7880299701
0.4429368989
0.1226877742
1.6139485659
0.7093342503
1.0230091384
1.0995606359
0.6809216487
0.3570851773
1.2744674865
0.2012147234
3.4286591380
3.0765512424
0.2792878891
0.7018011429
1.0392262886
0.7747258519
1.2339310512
1.4696937298
0.2387278595
1.7898240988
9.2061622702
0.4282140247
0.3222581904
2.4149763205
0.4206899829
0.6596890204
18.7971595125
0.9809496250
0.3013283886
0.7869573485
1.2554503769
0.6066013292
1.0931921443
2.4037231397
0.9440487281
2.3898190119
0.3962255411
0.0386669975
1.3083678025
0.0262964071
0.2258229843
0.4346562730
7.9064967547
0.6722342875
1.5568087726
0.6649165774
1.2009691402
1.0080193555
1.3500327510
1.1413469892
5.1860894989
0.5413056246
0.2441756374
1.0728427243
0.8044874951
0.4959668904
0.0218462369
0.4308518101
0.9505801976
2.1384137438
5.4902158677
1.1499200683
0.5108999978
2.3107188446
1.5801644862
0.9424813795
2.0698881179
0.7577074272
0.4814402045
11.1341343837
0.3501873084
2.0589495194
0.2374394557
0.3613758389
1.2544000000
0.4664027698
2.7844024376
0.8884878546
2.4048952312
1.1763377284
1.5545418325
0.1243919819
5.6800835073
5.7613522538
1.7058578567
3.4832974910
4.0064093760
1.1855787747
0.8747310105
3.1168349250
1.0681041033
1.7983733343
3.2500876885
7.0513953317
1.8234183934
1.7356485135
3.5989058764
4.2313253012
1.2592827433
1.2592827433
1.5866081060
7.2223130735
1.6371169992
1.7248267252
3.5538884885
2.8587910302
2.7277326039
2.2111701640
2.8717991914
2.3379970835
1.6972137105
1.6595090617
5.0224806202
2.2685645373
1.1799904489
0.5837964218
6.3246675332
1.1389728097
3.4859292554
1.6377797819
4.3204743083
1.7819043321
0.5457187382
2.0382542054
1.4889910871
3.7383806038
3.1569874598
0.5997424723
1.3868453439
1.4038677149
0.1777481963
5.2298865563
0.0119644578
1.8796563193
2.8242320819
2.2072975803
3.6071021776
8.8504699789
0.8057516431
1.3362157614
2.6754560231
0.9764780936
0.9756469173
1.1069850585
6.8315686821
1.5398002261
4.8609595271
1.3183109083
1.4038677149
0.9756469173
0.0119644578
2.4985029940
0.1777481963
3.8324590466
1.5398002261
0.7752174577
4.4343739004
0.9074676360
0.7471470609
0.9764780936
0.8823854660
2.5072889869
1.4291460655
0.1875523563
0.9013510943
0.6884628973
0.9013510943
2.3175212884
5.0748171475
0.0417901683
3.3489708882
0.4822329460
4.0415458148
0.6884628973
1.1394265063
3.2184731157
3.4892966361
0.7261296518
2.6053992185
3.7525044451
3.5036958256
1.5017579106
3.5741649517
1.5363808493
3.5724093144
3.1273712737
8.8347146804
0.4822329460
2.2028535642
1.6927248624
6.0978834212
2.2000424794
2.1571134962
0.8548428223
1.6079004192
1.4051634395
5.5659615102
0.1875523563
1.4169053269
3.4443352336
1.4044767399
0.4579168230
2.6655036138
0.0417901683
0.1872998227
1.3711590821
2.1470096334
5.4794330519
0.6786844623
0.8523705424
1.0339882077
1.4396733583
3.3929951573
0.7313653137
5.1127039942
0.5223149316
0.9421833706
2.6534720098
0.6428821538
3.0380203765
0.1872998227
6.1192608271
4.3114165095
0.5462976242
1.5052760060
2.3648671096
1.3443478261
1.4616849944
0.9838785930
1.3919420877
0.3617284406
1.2462383083
0.3221139171
1.3919420877
3.6123613312
1.5264206916
1.3711590821
1.3387015601
1.4651825643
3.4520520196
1.1175959493
6.9071444841
0.6595591602
0.6927841955
0.2203273949
0.3221139171
3.7968760944
1.0339882077
0.9838785930
0.7907273307
1.0931293612
1.2812186140
0.7907273307
0.8614591010
3.7037986385
1.1175959493
0.8614591010
0.7807394961
0.8780546902
0.8523705424
2.3600902216
1.3468687593
2.7034048853
0.8659308030
0.2203273949
0.6786844623
0.3617284406
0.7807394961
0.8836386421
1.5849921653
1.0886246843
1.9218403548
0.7580508922
0.0213912054
2.3165385413
0.8136500105
1.4453477868
2.1987704918
1.9988839286
0.0901614872
0.6629609722
3.1139162308
0.8237239192
0.6336864160
0.6892101365
1.6750062280
0.3040075144
1.6647013690
1.6086641677
0.7326729054
0.4033938114
0.0024543265
2.5313213703
2.3165385413
0.3181607686
3.5483456197
3.9773109731
1.7301785952
0.0901614872
1.6570805350
3.0663182738
0.1567810279
0.9766908154
1.7301785952
0.0213912054
2.4732657769
1.6277631524
0.8136500105
0.2217541632
0.0114709091
0.8703358964
2.3251812128
0.8217270195
3.7015155903
0.4091604489
3.5931339225
0.6892101365
3.4042383047
0.0190366284
0.4033938114
0.3181607686
1.7704361713
0.2329180536
0.3918551333
0.3040075144
1.0715397443
0.0024543265
0.1567810279
1.1327401526
0.6444057369
0.8237239192
1.1327401526
0.0190366284
0.0114709091
1.4012738854
0.7178666487
3.1591995880
1.9626490249
0.6578666667
0.2329180536
0.9928842505
0.6629609722
1.0171414376
0.2217541632
0.7861391815
0.9766908154
1.6927929536
0.4091604489
0.4165855417
0.5858539373
0.1146999351
3.9201402863
0.8067606254
2.3825524432
3.9362498441
0.5599836483
0.1236390814
0.0798907149
0.5284489402
0.0775097232
2.3509244050
3.6281967465
0.0275610231
0.3458519609
5.6467611968
3.1018527595
5.2012115453
4.1420320856
3.0521445934
5.0059095106
7.9307579546
2.6303931173
1.3065713526
0.4922640275
0.1873990730
0.5858539373
0.3458519609
1.5307851240
6.6156998739
1.6730732022
3.6283072806
0.3649186627
1.3413114754
3.7738665936
5.4926646196
1.5670882717
1.0781773919
0.0547408060
3.5397729445
3.0639728136
2.5199861448
4.5137422643
2.1274082063
0.2815449821
0.9519161244
0.6376122741
0.0798907149
0.8724282765
0.0640338487
1.0101921847
0.3649186627
3.0639728136
1.5157030118
1.3065713526
1.5583112143
2.0356369151
1.7181775003
1.0652024211
0.7405766455
0.0275610231
0.1146999351
0.0547408060
1.6393866299
1.3932745393
0.7116131538
0.9712763664
0.9612179817
0.1236390814
0.8472994998
0.9850325525
1.0434046377
0.1873990730
0.9712763664
0.0775097232
2.4990442129
0.4851797106
1.5328312976
0.5284489402
2.9088298918
0.4922640275
1.4352682659
0.2815449821
0.6457101226
0.9106256846
0.5599836483
0.6024394133
0.4563510942
0.0640338487
0.6556063107
0.5317613087
0.5993957109
2.4404481855
1.9675388793
0.1002495497
3.0387974960
0.6556063107
3.5461176997
0.9923860841
1.6376908877
1.2053398229
0.0826367236
2.4404481855
1.3432160616
0.5993957109
1.1754317722
0.3873843763
1.3368652406
3.9552497266
4.4203688952
0.2228654602
0.8140000000
0.3872362504
1.4956108803
1.7966160244
1.7966160244
4.1501488464
0.7458264333
0.1724078547
3.7355231144
1.1604276750
2.1645226579
0.0438155915
6.3810906075
0.3679788122
6.0461947206
0.2749212060
0.8267869071
3.0654098984
3.0069005924
1.1604276750
2.7470860315
1.0054260280
1.3368652406
3.7049779834
2.4586815176
2.4586815176
0.4578863323
0.4452103356
1.3659602582
0.9445613721
0.5317613087
1.6010208422
0.1724078547
1.2026150365
0.1002495497
0.0484043794
1.8899409079
0.1119100169
0.5455818354
0.8192451465
0.4083841525
0.9757559353
1.0061591696
1.3395694752
0.0718341141
1.6207448170
0.4578863323
0.2749212060
0.3679788122
1.6558270346
0.9746170915
0.7101126232
0.9443979496
1.1853577245
0.1119100169
1.4956108803
0.0826367236
0.7379706866
0.6527845036
1.1905500363
0.0438155915
0.3873843763
0.6089959924
0.0718341141
0.0484043794
0.9266428221
0.2228654602
0.9407212869
3.3964245592
0.4988129340
0.2162006894
2.6146751383
0.4548589143
3.0930521763
4.0655235762
0.3214193880
3.7986071975
0.1013581651
0.2047034130
0.4629956785
3.3964245592
0.4408553041
0.7614236591
0.1523823669
0.0146848353
1.8260761999
0.6148656463
1.3984198078
0.1676934124
3.3902439024
0.2047034130
2.5221509502
0.2253200260
2.5714028063
3.8529707515
3.4514488875
2.7036464526
0.2813671398
4.1923456790
0.9553699284
0.1629846054
2.9203587102
4.1621871390
0.2591363423
0.1594621147
0.0062396739
3.8674185064
0.1629846054
0.8434216769
1.2969802594
0.4548589143
2.8278729213
0.5446891524
0.0062396739
2.1743987512
9.0847305389
2.7405547701
0.5521860633
1.2597648659
1.6661008729
2.5138372573
4.0156090309
1.2371699874
0.0111347565
1.2074943405
0.7327381670
2.0932678133
0.2162006894
0.7614236591
0.0146848353
0.4408553041
0.3465360151
0.2813671398
0.4629956785
0.2253200260
0.2591363423
0.5521860633
0.3410909880
0.0111347565
0.4988129340
0.8233688107
1.7251264068
1.3984198078
1.0520784835
0.7070223143
0.1523823669
0.1676934124
1.2257095159
1.0477591904
1.1385483422
1.0262620114
1.1915564509
0.5493259804
1.0489189929
0.1013581651
0.1594621147
0.3410909880
0.6536801951
1.2274521531
0.6234941958
0.5446891524
0.3214193880
6.3079906905
0.9129364369
3.2667518837
0.6034135482
1.4136324634
1.4136324634
1.9859993000
2.3334674823
5.1667844523
2.5042349475
1.8333527697
1.8841998121
3.7236616335
0.6059382078
1.2161008335
0.6059382078
5.3422813509
3.0436936937
4.7004175365
1.8674028269
4.3677135242
1.4622617097
4.9491899147
6.6707859614
2.7860029283
4.6628274495
3.8396144817
1.1851606492
2.7503199464
1.4871581747
1.0615860282
2.4493053904
5.6723422833
4.1559552258
1.0142765626
0.7683417738
0.9053642539
2.6918197311
4.2822372119
3.1033955975
2.2364314790
0.3674365473
3.2275899996
0.6833392540
2.7914857566
1.4475656122
4.2796153846
0.8648253283
8.5245059289
4.0816676465
0.6170422823
6.1889002037
7.0177490924
1.7143953550
1.1918478995
1.8162733025
3.3602820540
1.6626190392
2.2761333833
3.3435450544
1.8572989212
1.2810177025
2.2891162167
1.4834231806
4.4655233069
2.9462383866
1.9567470956
1.8037073474
2.3172501152
3.6274147995
3.4077037037
1.7439058957
1.9695601198
4.1379186817
2.8812042593
2.0931150128
1.3834150449
4.4462772670
1.5749603476
3.9639156181
5.4694231245
1.9235533822
5.2854676969
1.6073151649
8.9003040057
1.9331529093
1.0990093240
1.1758952970
4.5598644282
1.9894413121
8.2549361208
3.2254766629
0.6520444199
3.8165340932
1.1881183896
1.3834150449
2.2174275078
2.2116034685
1.6909583641
0.4912696324
3.6032271945
0.7038501675
1.4601925702
3.2954122870
3.1089423904
3.0869803626
7.4020521657
3.5856590323
5.7490092470
6.7230769231
3.3759618658
1.0342827004
2.3367811606
1.5867078825
3.1205023761
1.4782094495
5.5619889770
5.3859723827
0.7533996683
4.4540758772
2.5479772953
2.1082601996
5.0754804712
2.7782742614
4.9205076021
1.6780141844
7.6693052710
2.0160958552
2.7790491342
2.8900836320
1.6075036075
2.9720750590
6.6327228513
4.1696228946
4.7616224303
2.1541042500
5.4654340290
3.2276578576
6.4940536621
4.0751333417
2.0726256983
3.0863369656
2.0955359068
1.8201201399
1.8648777295
2.8667130677
5.2610186502
2.9970153398
2.7663265809
1.1958572521
1.0868129939
0.7669830853
0.8617929788
3.8748043818
5.2987542114
3.4208128169
3.2852696566
2.6963538553
0.5143160127
2.1187840936
1.2337531727
2.0613388492
3.9956365503
3.7083857337
6.3048518348
2.2326694180
3.0320627280
3.1441465990
1.0303956010
3.5092376682
1.5724451760
4.9653051675
6.9933942375
1.5944077099
0.8082471927
6.0869901411
1.2857907208
2.3113200032
1.9830154168
3.1872935197
1.1958572521
5.1517590251
2.7364671088
3.3935258889
1.4669069275
6.7060759970
1.4607075499
1.0607415794
1.9308631753
4.0496658841
4.2198843481
2.4823067401
0.9197659052
1.9871455282
0.9314843493
1.8831509847
5.9551340646
1.0217956334
1.0038055938
3.0123439667
1.1020748694
0.7409266876
2.9694623656
2.6485148515
4.5750610373
2.6857341132
2.0251991211
1.4528097005
2.5903299125
0.7440978078
2.5310237849
1.6562619605
9.0222857706
5.4686679398
4.0596338590
3.2616793258
2.5306247270
4.5099529042
5.9199313347
0.8617929788
0.4117462749
6.8006460220
2.3914873544
2.5999808649
2.6441024244
5.6334759710
7.6827631364
2.1820285552
2.4337735238
2.6623971641
0.5153290870
1.1251547613
4.3330055719
2.0003360554
1.7102314475
2.7143575307
2.2996961458
2.7431673987
1.4540233186
1.6247013856
3.6378072988
2.4829041986
1.1844689994
0.6908499664
1.0342475354
3.1079095231
3.3011767805
0.3976562207
5.4453097552
4.2353035916
3.2372004564
2.5733708063
4.6468212416
1.8342465753
2.4156207827
3.8681468830
2.4408447324
4.7653381761
3.5167923235
2.4274826172
1.3351491338
5.8209935515
5.3033833744
2.3898784497
2.0572529343
2.6102298350
3.2064146244
8.6206990965
4.2738105669
0.8353814739
1.6066867017
5.0678730076
0.7071227045
0.9210146159
2.7050016513
5.5040629921
2.4138254028
3.6325257856
1.2254374159
3.3429456047
0.6579451900
4.9443267036
4.5415723982
3.1888773052
1.5532110588
3.0592570083
3.5948142233
1.7049173232
1.9715912966
4.1546574575
0.7490622170
3.2064146244
3.6054742803
2.3152675436
0.8590182884
3.2584860245
0.7275508955
3.3660866814
1.4888544292
1.6433019036
3.9200070530
3.6912774725
3.6568388078
4.7392896175
6.7960708356
2.3493179000
6.4013402155
2.8653054221
0.4544841032
0.7835808331
7.8047635605
2.0228540335
5.6591389019
6.5432391428
2.4592868744
3.5440182648
5.1601578606
3.0792863359
4.4696892511
1.9121464998
1.9620138376
4.8865263976
2.6448384475
1.2864039253
4.7261496225
2.4284710841
2.7889605520
2.3023739270
2.9353822229
1.8543804262
0.4038595757
3.3714557147
3.3321113374
1.2990984115
1.4721703716
1.1510584858
4.2560330134
0.9310735044
1.0960500755
2.5849775009
1.9353972034
2.4932184138
1.0034992224
2.6517618723
3.1819441341
1.4603332011
4.0578197043
2.9200991019
1.2062047570
4.6782533564
3.1581615537
2.4606219709
6.3623900673
0.9807351468
2.5819697825
2.5813412482
4.2288675723
2.5521592323
3.6335719668
3.9372374990
5.2143703787
6.7361838080
0.8662804065
2.1334705351
1.3644700488
6.8013979272
0.5272771134
2.6630717209
2.4627235869
2.3267251652
0.3889497296
2.0038598748
2.8464574968
1.3792211329
4.0942753777
3.5386068299
2.7029953593
2.6938558786
2.0316504555
3.9500569299
1.8298600837
1.0859796761
1.4001354096
3.4384285609
2.8202698937
2.5378766037
1.8263464790
2.0629465686
0.9533450327
1.7064653322
2.7580740502
7.9963322760
1.6245100601
1.5558559125
3.1959309220
1.4253834294
3.7282308335
4.2283083274
4.6017100442
2.0329757362
1.2781760715
3.5215494447
3.5826439707
3.2085405913
3.9548391224
0.4018741729
0.5757441302
1.5711044543
0.6795040391
0.7659826200
3.7497917789
1.5453314244
5.8851758794
1.8703716148
1.5982887701
2.0773476703
0.3889497296
1.8599664992
4.7097794917
3.4473182226
2.8192776649
3.1903377173
1.7722717370
1.8740501648
2.0297314471
1.9614969968
1.5234980203
3.8533134243
3.2068255960
3.4274125736
1.9050705612
4.1217869309
2.1469903558
3.4972617744
2.7460938943
2.9035566992
5.5974167233
2.3552802073
4.6678095449
2.7150719871
3.0165324290
1.6403387391
4.4240742904
0.5609025728
4.0526910703
1.1188500179
2.0270957795
2.6013486177
5.5372586121
3.6980096088
2.6195931142
4.8857965451
8.1638397018
2.5161748117
5.7248282745
0.7112481188
1.5346718208
1.9102922736
5.7219547251
0.4363687683
4.9446576810
1.8175125719
5.1154470634
1.6348983882
3.7363201392
1.6503593145
4.6252499546
1.5711044543
1.4765886288
3.2994612069
5.4268875611
2.2523503743
0.7294676106
1.4702471879
4.0523822949
3.5911746562
1.2481582009
1.7805551354
2.3044120665
3.2507449669
3.1969351390
0.9000455373
3.4515563349
4.2186028475
4.3955409357
1.4742784380
7.8992579448
1.8988473863
2.2077529022
4.0920129008
2.9438573316
6.4424316856
2.8279368790
3.2292682927
0.4479426298
1.7208307243
0.7442272450
2.2942111052
0.4452000453
0.6017375674
0.7737487232
6.6817469644
4.5671734234
1.4214463840
2.6516915242
2.2694957109
2.3128302684
6.4845707025
0.4436805556
3.1846383543
0.9521044378
1.6904822174
3.3418517253
2.7972951660
8.1602965404
4.5092615160
3.0949232943
4.5920924644
3.9273571541
5.6975898136
8.1355128095
4.3144249945
1.7829357798
2.6252109643
2.0530782702
5.4163862283
4.5575835096
6.6660744689
1.2617465878
1.9170087877
3.6840314599
3.4690221972
2.0167654876
3.2681724649
3.9997657970
2.4196345091
3.2877925735
5.8223264540
2.1414411807
3.9295571576
1.7112862109
2.8721452709
1.1022243671
0.3850707231
3.4119873817
2.1987059943
2.8757767063
3.1911137052
3.9860002074
2.9309844639
5.7596884618
6.1114400247
2.6623170814
5.5934040457
3.1807734404
3.1484119024
2.6793038890
0.9696017286
2.1115336292
1.0538417711
1.2336937716
3.4238632197
1.6463758217
4.6474786475
1.2622735095
2.0150811400
2.0729681629
0.6007229038
1.2339535979
2.1651068398
1.0375953572
0.7120060790
3.9635666347
3.1667879307
1.9758654532
3.7933999860
2.9124353240
3.5025155371
1.1432149597
1.7257112750
3.0481879927
3.0585704997
1.4197849907
1.1826783670
3.6257624487
5.4412454281
3.9945012983
4.4423146213
2.1115336292
2.6837272317
1.1666523605
1.4087521952
3.7923875433
4.2262830053
3.3455882353
1.0081921983
1.5863677951
1.2822006711
4.0958612295
1.2041242783
2.5281007260
2.3584630723
3.4267611769
3.6245873648
5.6926319824
1.8897512864
0.8052075574
4.8660070434
3.6653245432
5.1951342282
3.4273079453
1.7279596977
4.5464389373
2.3023585441
0.9829692706
2.4498295267
4.5837735666
1.2571002264
4.6293013556
0.8909305638
2.4786424384
1.7563675712
7.9000922741
1.9116776594
1.8891896195
5.2796925805
3.9974071993
1.6353038535
2.9155034155
2.5732391207
1.8623772275
2.9517035476
2.8915676287
3.0328298853
5.2151132853
2.0477400105
0.4618167021
4.0408004562
2.5200762540
3.7323103474
3.6729476218
7.8333608179
0.1597894468
1.1335187761
4.1169205171
6.4405717642
5.8173794976
1.9963284379
2.0818949343
3.0414474620
5.3847379200
2.1539034916
3.0355553961
4.2435860617
4.2680598742
8.9149061610
2.3219399381
0.9923183222
3.7650868756
4.3419132107
3.4375000000
2.1843600177
1.6277198008
3.3481859990
2.8836363636
0.9253510717
2.2166824286
2.6688601001
4.4474233176
2.8915070774
2.7671528903
3.6622496148
1.0821280030
1.7254891757
0.6058321948
3.4741809461
0.1597894468
6.2505691185
3.0700898588
2.2318664978
1.6370021749
2.3117213455
2.4549154842
2.7309760842
0.0305417198
0.4337236651
0.6653812536
0.6982476595
1.0004335389
0.9331378809
1.8218970643
0.5216695196
0.7031834924
0.3658501562
1.1114760466
0.3032902351
1.2311462707
0.2611277425
1.4942599335
2.3127889625
0.3031513840
0.5109667747
0.1597765495
0.0772616890
1.6720406726
1.1639086768
0.4333071610
0.3254758687
0.0319416466
0.2371979407
1.1012908356
0.4601351326
0.9251474531
3.7384620718
0.7429819242
0.2406728668
0.2474281368
0.4527740750
0.1244896882
0.6064481678
0.2797427491
0.7054637655
1.4983106631
0.0540765044
0.7513804167
0.4565343591
0.1100694646
0.7559162982
0.9383312906
0.3624019842
0.2470345428
0.1702632748
0.2263594186
0.3932982612
0.4269606119
0.7118288939
0.6101545906
0.2416130344
0.5478704841
0.7702128601
0.3999817080
0.2278599698
0.6537082042
0.5539341017
0.2889338591
0.0285511045
0.6905888658
0.1067865907
0.0863342896
0.8170287324
0.1127548731
0.3932701791
0.3624019842
0.5458851016
0.1040858168
0.0206063489
5.7506195089
0.1022640018
0.3402621783
0.1216903195
0.3824949281
0.4264619343
0.6142674981
0.5855858331
0.5966917293
0.7863841913
0.0769130496
0.2418715607
0.3464249187
0.1568771284
0.0687940030
0.5831597620
3.3687399314
0.2264835530
0.5096173082
0.2318937230
0.0377446108
0.3263848851
0.0401915534
0.0294180092
0.1178560234
0.7310384695
0.1710894839
3.4788742701
0.3564401960
0.0566081371
0.2506606187
0.3486568898
1.7234349228
0.0319416466
0.1752517861
0.1845946265
0.0161260869
0.2306509346
0.7892514141
0.1141048700
0.3611564048
0.4704108432
0.0833225774
0.1531537898
0.8010990915
0.0230899750
0.2952040216
0.3227339675
0.1632569075
0.6793521810
0.1236532138
0.3401655194
0.3759853674
0.0492631579
0.5636213056
0.0994191220
0.8292540494
0.6683830821
0.2231886410
0.0436059815
0.0961140687
0.6104242453
0.0273713010
0.1788959971
0.2942517132
0.4337236651
0.4611654469
1.4433269371
0.1035004486
0.6769183860
3.1469976605
0.1226726357
0.2837866789
0.3404391834
0.3277558985
0.3582885211
0.0527012664
0.4832648072
0.3182255868
0.3485457061
0.3845663404
0.2112000497
0.1855410588
0.2722193626
0.0416567368
0.1015149039
0.1703203081
0.0218985188
1.6187849006
0.1620662000
0.4699125456
0.1975937018
0.6160920053
0.1225740480
0.3261161802
0.2979361869
0.7776498875
0.1759387626
0.2086941591
0.4791811209
0.4200656547
0.0234501526
0.2944165356
0.1154018247
0.0786343576
0.9722433723
0.0781519707
0.0428705821
0.0299750460
0.0646759580
0.0826962483
2.2429918651
0.4330096172
0.2209809525
0.2187914702
0.7480293947
0.1564510329
0.0134013054
0.0958349106
0.3660502730
0.1895632899
0.5841097768
0.4372300611
0.1111993123
0.1384887262
0.0629599316
0.1129373851
0.2773506064
2.1551422076
0.2751949908
0.6490886156
2.1684267533
0.1346717476
5.4119880474
1.5019996901
1.1060894523
0.4199725091
0.5284944307
2.8324549577
0.1394655172
6.8352611152
3.2006866434
0.2150922343
0.1512861098
0.6089691585
2.6122859192
1.7950314998
0.4179761280
0.6574557835
9.1558732107
1.7161170166
0.1100327713
0.0609487880
0.8993570234
0.1512861098
2.0244872604
0.2301006152
13.4530391667
0.1199727307
1.0460931679
0.1572973044
0.9406477270
0.2990105124
1.0162538172
1.3494099938
0.2302735079
0.4320591673
2.1493508468
0.0111106087
0.8618617828
1.6186908214
1.0618440058
0.0969449138
0.0329765333
0.3834261325
0.0386169262
0.4312260212
0.4643984268
0.7425657821
0.0876690614
1.0214795355
0.0633968283
0.3296186113
1.4127489273
6.4171840747
0.5349104322
1.6957440770
1.3880919974
2.1236069024
0.0206084566
0.6276535125
0.1608384350
1.3021482387
0.7114878066
1.0770752755
52.1614388489
0.1209457076
0.1280486342
7.7846303588
0.2092935052
0.5193790309
0.5330796566
1.1907464285
0.4300303812
0.1062004848
0.1996759278
0.7157925537
0.0300300012
1.7404328436
0.8106449166
0.5918535987
0.0560997226
1.0806678135
0.2545610955
0.5343410497
0.0685764882
0.0525899537
0.2470142216
0.5223489008
0.0510035129
1.8791183153
0.1208539180
0.7610957692
2.3266063214
1.1263530681
0.1838108955
0.3956621965
7.8851638729
0.2348757708
0.1450296933
2.0113375139
0.1796718916
0.1787130580
0.1477621935
0.2157382130
0.6585157733
0.5342350279
0.1990750914
0.2328118715
1.0721712627
1.1138788486
0.2562767209
1.3481837657
0.3962720208
1.2753799461
1.1859450407
0.2800895124
1.4445913332
0.8550369910
1.2360929339
0.4518386210
0.0362540320
0.4306927027
0.0350697225
0.1745786122
0.2130363293
0.6842244442
0.0392546058
0.2494007994
0.2057100131
0.1566863718
3.0362453652
0.8628640644
7.6224332416
0.3780420987
0.4647301510
7.5220122837
0.0942644820
1.6081268046
0.5458506344
16.2030627039
0.4777853831
0.5434143304
0.4995029567
0.5628136017
0.0919526853
0.7678648389
0.1689739471
0.3228668601
0.0671581454
0.1484363436
0.0338805234
0.2398129468
0.3275775431
0.0290216860
0.2157263056
0.1609606060
0.5748594272
0.3877963362
2.1936479929
0.7732248340
0.3114119593
0.8262147637
0.2314546921
0.1387617069
0.0710600778
0.1208539180
0.4755097584
0.9053414901
0.4082678896
0.0587190930
0.4811340885
0.4431147366
0.6141653979
0.4215733836
0.2436012281
0.1873432698
0.4199725091
0.0424835768
0.3177609660
0.4194593466
0.0386028833
0.0667587746
0.0236964909
0.0681381597
0.5290015473
0.2763485443
0.2558250557
0.5913625680
0.1008714882
0.3382140945
0.0212283967
0.3964380442
0.1517789185
1.1859450407
0.1081762703
0.1740074724
0.3226228490
1.2164076558
0.6637683647
0.0862022057
0.5187565152
4.3869752046
1.2474636404
0.3282945864
1.1598377954
1.3666522826
0.4597786927
1.7786513834
2.5655642432
0.3425183241
2.0363744634
0.3843967104
8.1118821199
0.2496009519
2.2901357940
0.5736069017
0.9839928406
0.4803064054
1.3503923414
0.1889832049
1.8788219628
5.0692337208
0.5927722847
8.7833420003
1.0350998892
0.5374845670
0.4956721367
1.5462226905
0.1193148760
0.4294722492
0.9110522513
1.4574538314
0.9839928406
1.3540266887
0.4090130919
0.8134340391
0.2141029049
0.5004658347
3.1027753162
1.1001501888
1.0233901919
0.9557558563
0.4198984895
2.8236412114
0.8847826693
0.3355621822
0.5096391239
0.3458581163
0.6827563058
0.1664246576
0.0230785520
0.6044067696
1.6551573086
0.1154351289
0.5062847939
0.6895561755
0.3608591308
1.0745889916
0.4548076029
0.7000295897
1.4563375081
0.2279940423
1.4478177190
0.1587419798
4.3589308830
0.3554684844
0.2448550978
1.1592938805
0.3163232567
1.2429987067
3.8097293263
1.1404191878
2.9262439429
1.3887080149
3.2674277017
0.7791770770
0.1175542183
0.0699193394
2.1596584683
0.2716927545
0.5360253040
0.6528263082
11.8052428740
2.1363875092
1.0725236166
0.3435260708
0.9041030708
0.6982456563
0.1534962282
4.3594229508
0.1640232836
0.3005672172
0.6142774462
0.1973216005
0.3950483559
0.3897822536
0.5640464415
0.2710892494
0.2460263842
2.3559071522
0.8486456892
14.4090563407
0.2960858092
0.1067041262
0.8288543992
0.4589121706
0.7261797353
1.6925545786
1.3817678830
0.4589121706
0.3143268870
12.7610615334
0.3985674427
0.4682243526
0.1847389504
0.5446398643
0.3347915174
1.7249691871
0.5442562086
3.6638715030
0.4849387643
0.5620959188
0.4928877865
0.5485153213
0.0756327843
0.5480176840
0.1525057414
0.0878574732
0.3783167169
0.0806762387
0.1231510409
0.1402225600
0.0107152147
0.4731009860
0.0189350526
2.5601716688
0.4918932149
0.1543441364
0.3050409218
0.0823448809
0.5407418838
0.0884216426
0.2145657280
0.0317237895
0.4382204207
0.3999206403
0.1044323656
4.6607918173
0.1321437552
0.0149647053
0.5866151343
0.1399999601
0.0389939417
0.5431010745
0.2812375564
0.3984918052
0.1413752473
0.2780089281
1.2821558783
0.0796550558
0.3939775326
0.0428531766
0.1218481722
1.3045351729
0.2474258872
1.6418159907
0.0396439153
0.3671925120
0.6262748439
0.4000441245
0.4141271989
0.4151798160
0.0360738978
0.2110141282
0.0683234843
0.2916153688
0.0878642182
0.0831563317
0.3468366429
0.1607363907
0.1690041722
0.0566335636
0.9167243761
0.9105760352
0.3913102410
0.6668475095
0.0290881610
0.1030166323
0.1723412796
0.1277679902
5.4396599725
0.0132483441
0.3362562024
0.2496009519
0.2921692142
0.0734754957
0.5255751677
0.9326429294
1.7495851770
3.0032762809
0.9326429294
1.2862534914
0.8291592763
0.6811061163
0.6432200283
2.1723140496
2.8978953134
2.2588068912
1.1858953859
7.3990058744
0.3669417101
6.5941846758
5.8370036840
0.8662631018
0.3669417101
1.5183343086
1.1858953859
0.5009511241
0.5009511241
2.3157979798
0.2013240733
1.5391295139
2.3631482508
2.5268280351
0.6834413738
3.8683872915
3.4438856157
2.4558539582
0.6724720706
1.4511980831
2.3631482508
0.6958458006
0.6596679100
0.2013240733
4.3127263539
0.6724720706
6.7579005986
0.1792484116
0.9902951079
0.0573203861
3.3453121401
1.9398485290
0.2365652009
1.6246195468
0.2365652009
0.0573203861
0.2690529716
2.3533479079
0.8311309046
1.0573085995
0.1792484116
0.2690529716
0.9497986577
4.7298686624
3.8130652652
4.7298686624
2.9687840082
0.8171383559
2.6715633509
2.6589307915
5.0005995204
2.0791680873
1.1161278988
0.3964912724
2.9356898163
0.1866233352
0.3964912724
4.3834993978
0.0211868749
2.1660012477
0.0211868749
0.1866233352
2.4053825956
0.7494004796
0.5169561621
0.7206834218
1.5132577076
0.9742469069
0.2069130754
0.2069130754
0.6362217438
0.5962646635
4.5141097999
0.5919312169
5.0795520746
0.9120098538
6.3871324037
3.7670460533
1.1780196410
0.8488092468
0.9120098538
0.5341024408
0.1449928937
1.2031151436
2.1322129986
6.2840039403
3.2868660354
1.9899430336
1.6069964871
2.4145607280
7.7324065279
1.5427047899
1.9527636867
9.4172420596
0.2103304003
1.4333762176
1.5011843975
4.0293594306
6.4938294866
0.1449928937
0.2103304003
0.3560181360
1.2031151436
6.1282653361
4.4272242973
0.3560181360
1.7547967685
0.9173680184
1.6424107385
3.6417112299
1.9899430336
0.5376469989
3.4882352941
6.0913120567
2.3960315303
4.4620408590
0.0779512219
0.9983312064
5.5075564401
3.5628923368
6.0942146089
6.6729035783
3.3905593458
3.3905593458
0.9294544103
7.7851992068
0.8529761262
0.0779512219
4.3244777342
0.3227163909
1.3702631756
0.0148390670
0.6143260843
0.1413138271
2.0015747274
2.3646669816
1.3915952488
0.3227163909
0.6062594649
1.0390684514
2.0015747274
0.1413138271
0.0148390670
0.9502090460
1.9056000929
3.4322584226
3.9317199654
1.5613347093
4.8380492294
2.6679430148
2.3485669471
4.5379703535
0.4299393975
1.9365671642
2.5148876706
1.6892915980
0.1863263495
1.7818309777
2.6686308744
0.4299393975
2.3600074729
0.1863263495
5.4198576512
1.7431931181
5.9396680809
5.5259707146
0.6320975557
0.6389510063
2.1098963395
3.4974203124
7.0052713944
1.8471257525
0.9577143755
2.5009978795
2.1291669151
5.6348590883
8.2123840605
3.1602437713
1.6700106850
1.4054589289
1.2548592189
1.5209623500
6.3649963105
1.6412581323
1.7654672695
5.0395303327
2.6862021228
0.7464432501
0.1793714181
7.0568485311
0.5112997239
1.3484766000
3.3283236994
1.9040790597
3.5926489094
0.1793714181
0.2642692267
3.7187385674
0.2642692267
1.3484766000
1.9040790597
0.2450301838
1.2156620844
2.4395792564
3.7534007238
0.2450301838
2.4222284278
3.5807780759
3.3117669556
3.7358422939
2.1897932677
0.0459916496
0.5779501794
0.0459916496
2.9401499963
0.9343853821
2.2183224271
4.2195021175
5.0105787606
1.1018943557
3.7526679895
3.2040098488
4.2839512826
0.6868409559
5.5585674483
6.9967831293
1.6861956695
4.3588396278
6.8736790607
3.6870405197
4.4779488833
0.6311466311
0.2094317340
0.2682173706
0.2682173706
5.4220112518
6.0253954742
1.5403706425
1.6861956695
1.1884952112
3.4086847920
0.2094317340
1.3323476868
3.3495277801
2.1582627697
2.5894776239
8.2382061233
3.8809377769
1.5144744084
6.5089923997
1.9470303818
6.5093988708
3.3070207129
6.6960919168
2.8403204963
6.5035793631
2.8719392063
2.5401659141
2.4885937049
2.4356689453
2.1885495519
3.5846719445
3.5183657811
1.5918830922
3.5846719445
1.0366500922
0.0793707454
3.2059235246
2.5891304337
2.6227521501
1.5918830922
0.8729520872
2.5891304337
0.0793707454
3.2860599078
4.8524676142
3.4599328859
0.8729520872
1.2141851369
3.6055061757
6.0970411887
2.7334624965
0.1415203819
0.9241532627
1.1215337423
1.8418385813
0.6810597289
5.4239770912
1.0454038834
0.8997080031
1.1554973822
0.1415203819
1.9184893784
0.2980774104
2.4256087116
4.0178928333
1.0528000840
4.2586405819
3.4430271066
1.0323596921
2.8325218097
0.6130766896
1.0323596921
2.7847758580
0.2980774104
1.9642534658
1.9264730199
0.1478897869
1.3932427514
1.1545777915
0.1478897869
1.6015596757
0.8040524242
0.7119175174
0.6130766896
1.8939215356
2.5610996967
0.1039868531
2.4920913884
4.4451992754
1.7113592853
2.7398208693
5.1372326443
0.7643195277
2.5883943428
1.3989552733
1.3118571503
2.0465853272
3.4329993251
0.7643195277
1.3989552733
0.1039868531
3.3286895951
2.8382908566
6.4666850727
0.3662486280
4.6955744985
1.1396029023
1.7801424382
5.1985743381
2.2573690241
1.1871918422
3.9725244457
0.0014983303
2.6620046620
0.9576970563
0.6383807388
1.4298757972
0.0014983303
0.3662486280
2.8924216421
3.1771241139
0.4519547510
1.9399106780
2.2595083001
3.7207679857
2.0982142857
3.7960349188
1.9917880122
1.4504328880
0.0567859796
4.5059314795
3.1374403232
2.4500971345
3.5497359395
1.9247620610
0.4519547510
2.4898059849
1.4534415464
1.7416506718
0.0567859796
5.5298557159
0.8766546857
1.5722252011
3.4154531551
1.9914180423
4.0036797174
1.6381137098
0.6184078604
1.6657953060
5.2451687534
1.6381137098
1.5789524828
1.6138554731
1.1192620250
0.6766087986
5.5952230216
0.6766087986
0.0140541217
3.1947263166
2.3101624721
0.0140541217
4.2417901089
1.2647427069
0.6364967220
3.9684865674
0.5407866180
1.4576497043
2.3687759862
4.6708562020
2.6204946213
0.9191176471
0.8574669483
1.4819956616
0.8034692690
1.2574826403
3.1444565386
1.0379471479
4.4331280389
0.9340197890
0.8034692690
0.3297909424
3.1705159705
5.4819301298
4.8871597470
4.5557645092
0.7250272430
0.9340197890
0.3297909424
6.3049865800
7.8761662426
7.0650444115
4.2321829522
5.7127669583
0.7224308848
1.2687216093
2.7252517677
1.3649070748
5.4010101010
2.6739079103
1.7433116844
3.8159458906
0.8440198901
2.7571781993
7.7363168062
5.4093823553
6.1954320039
2.2610777471
2.1749449963
5.1751230594
3.1079943031
0.8769488174
0.9687985015
6.2189472314
2.2710163112
3.9902830587
2.2137647279
2.9288655403
0.7320656871
3.6020215864
4.0788599889
7.3052451260
5.0887027633
1.4961646926
0.7844544709
2.7999588499
0.0936586920
2.9608870476
0.0915448788
0.0936586920
0.3275989977
0.0621364227
2.1116912458
3.6302397651
0.3275989977
1.2038643328
2.9515616728
1.9835197763
0.0621364227
2.1840062926
4.2896843845
0.9826676714
1.3670174054
2.1116912458
1.3670174054
2.3513497653
0.8325701440
0.8046159267
0.0915448788
0.9170351105
4.3065244894
2.7851847459
2.5261660978
0.9072607629
1.5139580420
1.7462058335
4.8570930840
0.6240828284
3.9397565071
0.1048574210
8.7438368860
5.8070207184
2.6377656172
2.3247479113
1.4565178087
1.1596324513
0.5659676452
5.2135212541
0.8683683156
1.1596324513
4.2756693145
0.1075135150
8.2305585526
5.6798298906
0.0962030392
2.3739424704
0.1048574210
0.5659676452
0.7115660920
0.1075135150
1.9998163003
0.9429705081
1.8231721745
0.6240828284
0.0962030392
1.2955130357
5.1034545954
3.1418325264
1.0135384982
5.5553107883
1.1584845985
6.2671549221
2.7790444811
4.8430400661
5.0063784550
0.8413893612
2.1911146014
2.6803042224
4.4362739475
2.4484868349
5.7396737244
1.5822034526
0.6989317995
6.1011178862
5.2075977301
1.8988015979
1.0092139361
2.8687682028
2.3764420158
4.4905878946
1.4198392133
0.6957321327
4.7465902233
0.4829548706
1.0005640556
2.9817091232
1.8637933087
2.8276536523
2.6693823137
1.5438047559
0.8292455965
2.2110439626
5.6346737110
0.7508071177
2.3732160725
2.7963855422
0.8181483933
1.3707339087
3.5813426066
1.2148024485
0.4829548706
2.6676666078
4.5541445166
2.7506159104
3.6874137931
2.0473290894
3.0068581447
4.5728736037
2.6233022539
1.6418389432
2.2397365196
3.2130811770
1.8523272803
5.5600365937
8.7128017697
6.9322524609
1.6472151201
1.0190811862
1.6118992581
1.0656646234
0.3443423566
0.6229753302
5.5876121110
7.9726315789
1.0082184655
0.9450902561
1.1328538608
1.3241241989
1.9127980341
1.3740961157
1.6118992581
0.3443423566
6.1163928696
0.3037840599
7.9125201939
3.3146027624
1.1704028021
5.0835760518
2.4042223084
1.7383269278
2.8260578568
5.1431292797
6.9719226999
4.2210042162
6.7025415114
1.9340512564
3.7973870056
3.3859816761
1.1459708179
0.6298569691
0.3037840599
0.7819171467
0.7819171467
3.3519263945
1.1542756224
0.5746849815
3.7011654629
6.3148195987
6.9663675097
0.5746849815
0.9757044597
0.1814429682
0.3207018876
1.1545858956
5.9621382236
0.3207018876
0.1814429682
0.4352152665
4.6174393336
1.4668051229
0.4352152665
1.0999305234
0.8726077599
1.4967874026
0.4278472538
1.8948129204
1.7452953960
0.0035423713
1.9532795786
0.0035423713
7.8102766798
0.1136175859
1.1462192696
1.1784609234
1.9532795786
1.4967874026
4.9194181362
0.1183371041
1.1462192696
0.1136175859
1.7663331371
3.2198659275
1.1784609234
0.3069947750
0.3069947750
0.4278472538
0.1183371041
1.7452953960
0.9554794521
0.5194805195
3.5772941267
2.1883670234
7.2782972920
3.8830152103
4.4248148546
7.3322789943
2.2685993897
0.3093733503
3.6961139896
5.4841154182
0.1880961490
3.9251916274
1.3537360890
0.1880961490
2.5535725053
0.3093733503
2.9632751355
5.2641632299
2.4881751825
2.2361792607
0.6259520291
3.5142313184
0.8044480381
5.4378179763
2.6218564490
2.9163571959
3.4067402673
0.6064276228
5.8342987309
2.5125717119
2.5596071802
2.2254198102
4.5304164957
5.0176157531
0.8044480381
1.2347983682
0.7383717818
1.3244026981
0.7136230643
1.9231936018
1.0321050309
5.1805350402
2.1205020256
0.9301603151
1.2347983682
1.0826552683
2.1103896104
2.7580718924
1.3660563475
2.0618733887
0.5860290670
1.9644964235
2.5874712055
2.5582236637
5.3577012641
3.3010791367
2.0565650645
2.5876873512
1.7714431153
5.3269174898
6.0182634951
2.8167793995
1.5477959698
2.6945028130
5.2054706973
2.8551896326
3.2058009817
1.5269298193
1.9973083911
1.7715101749
2.2951000780
6.8685960681
2.4839572193
1.9857776896
5.7812407022
1.9857776896
3.5715735498
3.4506333225
5.7148920689
4.5937775966
2.3101837903
4.7842301545
5.7501495394
4.2674662931
2.8958361775
4.8605706076
2.0416435698
2.5394205141
2.9732794780
6.7103676048
8.8998209405
4.0464760740
0.7884717442
0.0370742087
1.5049566848
0.7884717442
0.8731956032
2.0204654896
0.9599398022
6.6802498729
3.4203296703
0.9311460845
0.6899263015
2.9040046187
0.6899263015
0.8144454187
0.0370742087
4.8605706076
3.6834247055
1.1783587885
1.8621287502
5.4730545945
3.2017878077
6.6500803859
0.9167139775
4.8802345059
3.7415310010
0.8318763598
2.1875094287
0.2100632376
0.4259388960
0.2037351152
0.2121317657
4.0518098616
1.0103335569
1.1874032480
1.8889085906
2.0301177939
1.9471351500
1.2539308271
5.2907374763
0.2250500419
1.0385680945
0.1699503129
0.2450958385
0.5169725471
0.7107820286
0.0478544444
0.6246161146
0.4679114974
3.0933695866
0.8381512220
0.0379241819
0.1677172135
0.0794578953
0.0230024659
4.6916145857
0.6143415679
3.7697811569
0.2985465135
2.4801437397
0.8840658913
0.1935098557
0.5301594101
0.3240123001
8.2647267566
0.0890616961
0.3200212496
0.0476128677
0.3926884253
0.0960014078
16.7572781285
0.1061921042
0.5963807081
0.8817673288
0.0470161746
0.6071172700
0.0817281900
0.1217520056
0.1217520056
0.2316076507
0.1152286564
0.4777710780
2.3117334917
0.8559573689
0.4560684542
1.0662964218
0.3355908213
0.3596322317
0.5496336017
0.6788233471
0.1113576322
0.9040818797
0.5806473101
0.3290865286
0.1270613170
1.9802643040
0.6789471538
0.2145223186
0.0456039596
0.1366666068
0.0312302664
0.0921865245
1.3167125032
0.7270887405
0.0847551344
0.2452284798
0.2490732839
0.0452143121
0.6375058495
0.0645746209
0.8924640135
0.0900190119
0.7404192873
0.2394368835
0.4440413270
0.1660599627
1.8362895724
0.1756528470
13.8171465576
1.5278650135
1.7835264295
0.6346345274
0.2051209898
0.0072679132
0.1163947567
0.0072679132
0.0913488647
0.0292676990
0.0162523403
0.0392282408
0.8401604755
0.0558794655
0.0855895904
0.0539435427
0.4683589457
0.0139071524
0.0577553879
0.0191263467
8.7667663795
1.0446434177
3.1365330598
0.5810383061
0.9206318148
0.3002241112
0.1208065930
0.1297803748
0.7074249537
0.3284403698
0.3094708333
0.6269331494
0.9190582677
1.7985175971
0.0655981943
0.3508378213
0.0190390968
2.3045139123
0.0506762729
0.3608690419
0.3337850359
0.2204272468
0.2816948639
0.3427129721
2.2595607408
1.5320734685
1.1721030322
0.5734675700
2.3979207686
9.0091611404
0.6751169484
2.2595088890
0.9104714056
0.4878706508
0.6557674890
0.7669673776
1.0338612055
1.2750977121
0.9059252811
2.2054420743
36.4180429079
1.2590373680
0.4311698082
0.4258315099
0.5459946616
0.1273201073
2.4130359952
0.1900206132
0.1096166420
0.0174106206
0.7351276161
0.0848947109
0.3533452293
0.2684552225
4.3799503722
0.1566469561
1.4005343697
0.2482701390
0.0946171719
0.0866911714
1.0678824721
0.0695701588
0.0966353892
1.1047061692
1.2771884570
0.0370160672
3.1089123558
1.8813015384
2.9564818371
0.3212253142
0.0227030746
0.4443258200
0.4552519644
0.1600513185
0.1095020202
0.8523667278
1.4189064992
0.4314398198
0.8768881612
0.4089819836
0.1147202905
1.7603160296
0.9007849482
1.0317793611
0.1082755783
5.1406707339
0.4994144174
0.0653393921
3.0138674884
1.1161461687
0.0429176508
0.9652693385
0.6014330998
0.9407539964
6.9709734069
0.4500903472
1.7278699868
0.3378621851
0.2056894974
0.0290819573
0.1960068676
0.2131956352
0.0429176508
0.0975780589
1.4738432878
0.7436712065
0.2112616086
0.1040144207
0.1683428600
0.0494744862
0.1033589714
1.2061334697
0.0150828653
0.2615764116
7.8701552434
5.1967936182
0.6137555889
4.4255548500
0.4232096035
0.4361010962
5.1255383915
0.0748874478
0.6137555889
0.4929088191
1.9265826340
1.1188555030
8.6736308142
0.3409225213
0.2238839314
0.4058073728
0.8810924058
0.6776347728
0.7588063127
0.2116783772
0.8295526781
0.2224859467
0.3426214658
0.9371963230
0.2147596905
0.0150817734
0.2546304310
0.1050900089
1.6180587622
0.3153844472
0.9570525836
0.7798979030
0.1195363244
2.8722046866
0.3532268533
0.5359802163
0.5001149027
2.0870870345
0.1005710779
3.1395617395
0.9570525836
0.2598704112
0.4103999125
0.1658883342
0.1334651591
0.0811820897
0.2154790003
1.3160999711
1.1194287193
0.7877897011
2.9542179561
2.4969974122
0.2272307882
2.8947998726
0.1788316054
0.4297605806
0.1981363604
0.2574955870
0.0631367307
0.9147072144
0.0045256176
0.3071838269
0.0950140820
0.3059406001
0.1588502366
0.2719036072
0.0045256176
0.6241401642
0.1002769961
0.2184890822
0.0567525979
0.0670383715
0.2128912668
0.0158230101
0.9538069235
0.1551524341
8.8562228084
0.4970476940
0.7108115423
1.9472569339
0.6247162112
0.4648727738
0.2999114550
0.6101084210
0.4466779772
1.2249859951
0.0745846947
0.8953099905
0.4267409919
0.0872781767
0.5041585355
0.2057898864
0.1468794164
0.0899113039
0.2057898864
0.1001141301
0.9344819219
0.0658552501
0.0447474869
0.0799586767
0.0157953297
0.0289114572
8.1486518072
3.5059997540
1.0120007473
0.8820944165
2.7721360996
6.4740767384
1.0426365737
0.3538612155
0.3449641434
1.0388985454
1.6164989155
3.1472905705
0.0899555125
1.7626279733
0.7907566559
1.5455059356
0.2829064617
0.0396151971
0.0576862067
0.1491350203
0.1036660869
0.1869701936
0.0779453355
0.0157998350
0.0593282351
0.2566120814
0.0767988351
0.5141683613
0.1785538913
0.0388414434
0.5532795684
0.0905272234
0.1109847090
0.6459531038
0.4244180045
0.2335231997
0.0714630359
0.5571432141
0.4286231644
0.3069916238
0.9711999361
0.3835356816
0.3347728271
0.2109655278
0.3730767272
0.4806892007
0.5997585091
0.3202247846
0.0227685053
0.2274096270
0.1050938417
0.1217772857
0.1617006922
0.2255122573
0.1033202744
0.1452174485
0.0637392333
0.3883650740
0.0873344917
2.1929522366
0.1882879580
0.7349632625
0.0404069468
7.1350242805
0.8553305694
0.9486838038
3.8342376801
0.2644736294
0.0589430548
0.3660968685
0.0374803069
0.4327074132
0.0294048440
1.1481788600
11.4419483485
0.5961495075
0.6159607595
1.8965976351
0.1520518988
0.0624330646
0.6685612704
0.1636238855
0.2457886710
0.3790911036
9.4975455368
0.0489657121
0.0520739969
1.3237214084
0.6721434470
1.1956697245
0.1861949228
42.4396475771
1.1661927215
0.1861949228
0.3456836343
4.8675538215
1.5584700067
0.5328677367
0.5433833611
0.1894609626
0.0330737338
0.3265652032
0.2222497383
0.2186651527
0.4339251936
1.3104450727
1.3018457496
0.0736725198
1.4605786793
0.2376823521
1.0532391454
1.0848477454
0.2002139355
0.3470929099
0.2200030218
4.0209311959
0.1465759785
0.0474428942
0.0685104357
0.1890278371
2.2909594215
0.9410983851
0.2410720328
1.4533586391
0.6733825954
2.0214834562
0.7818118167
0.4745069323
0.0818464115
0.4436783084
0.4407392863
1.1621256742
0.7162044760
1.1347624449
0.2953692442
1.5887542300
19.8691320579
1.5318367070
1.4654849713
8.1651682353
1.2722858238
0.1505144938
0.0353791422
1.8769858713
0.5567738307
0.3757276310
5.4737421961
0.1388242286
0.6658548183
1.5894372906
0.0158302094
0.0963715479
1.3666752998
0.0711150807
0.1479237675
0.3655016938
6.6217160436
0.6328237931
0.1007217848
0.1413031339
0.0668297031
1.2273058570
0.0945276914
0.5446954936
0.2601259411
0.9504162999
0.9313951462
0.3740796185
0.5015180544
0.4864069137
0.3475671056
0.4499521442
0.4667007950
0.0971674605
0.3964576232
0.1179756969
0.2444284345
1.5532788311
0.0655494467
0.5773509105
0.4152177989
0.0165817568
0.2141251225
0.0511032823
0.0160926908
0.1350497175
0.0149825757
1.7226960482
1.0848579806
1.2660063531
1.9337841719
0.8511776052
0.0768493460
0.2389419134
0.0847047814
20.8517412935
0.2727048850
0.9919288797
0.1677261496
0.1674782749
0.1152410669
0.2164714724
0.2375373193
0.0325221819
0.4403070440
0.1287631145
0.9983803713
0.0505220846
0.0575680540
0.1232292599
0.0784814089
0.0376754021
0.0815331010
3.8549827924
0.0907671725
0.6819557091
0.9441971099
1.0410723813
0.3058915033
0.3538754622
0.8179616468
0.2477209925
0.3502053996
0.9989003899
2.7110428125
0.0786892440
2.1560894898
1.1101024491
4.1873794712
0.1245125938
0.4841859831
0.6353942798
1.3689014368
0.2944382939
0.6907810376
0.6909159268
0.0393911489
0.1321224799
0.1775003716
0.2119396839
6.4027490307
0.3605995517
0.1101374548
0.4360398026
0.2841200999
0.0191650166
0.0798816942
0.0189657344
0.0484686398
0.0806652583
0.2119396839
0.0656693342
0.0189440548
0.0190363077
0.4607549863
0.1958688803
0.6622222035
0.2987073327
1.0325083916
0.4415326278
0.1680868787
8.2204648824
0.1092569864
1.3658916679
0.0980902144
1.5200113978
0.8244236467
0.1328095052
0.2579633928
0.1742223017
0.1439308689
1.6576978273
1.0944496726
0.0246475828
0.6201726444
4.6714665532
9.0644854333
2.0944376312
0.1801971058
4.3540738383
0.0803380254
0.0446704145
1.4861726326
0.8094459550
1.0470582048
0.3546461755
1.0041921903
0.2993302370
0.3876543666
1.2707428051
1.2707428051
0.4024619220
1.1977851080
1.2267047090
1.7867492182
1.5295090676
0.2268719397
1.2265396725
0.3637334333
3.3954654987
0.3503166771
0.0470699828
0.4350174404
17.6779477374
0.9031076473
0.2633689243
0.5716739713
1.7565467767
0.3133717050
1.9077159846
0.0439084111
0.2317505214
0.6194912638
0.2900703530
1.3538892471
0.2257933050
0.0409559745
0.2505814258
1.1878288621
0.2048288300
0.5721965129
2.6174041298
0.1984296004
0.0789655887
0.1491120230
0.0795927530
0.6487582066
1.1044341233
0.6487582066
0.2159268415
0.4463861201
1.1408104170
0.0592367496
0.2692088082
3.5344603963
0.0108460223
1.5637959006
0.7508829711
0.0266491666
0.0811716061
0.5169131463
13.9427216239
0.7351679746
0.6134334445
0.1562186074
2.4252684572
0.3015836857
0.1332956592
0.0677931085
0.4741259416
0.3237974410
0.3886171396
1.7387865897
0.9071129791
0.1032849319
0.0389273798
0.1862988741
0.7508829711
0.0675593874
0.0393015690
0.0844034056
3.4146933494
0.0218425237
0.7034075039
2.3707468978
0.5420917192
0.1592509998
0.5420917192
0.2127379521
0.1730323797
0.3068205621
0.3785958009
0.1213076113
0.1668767228
0.0469415592
0.1645036260
0.0187389846
0.1363780593
0.0667238633
0.1037570149
0.0272399212
0.0233419192
0.3296832204
0.0218425237
0.0222650871
0.0333651414
0.1255672479
0.1116273670
0.2006988613
4.4214668850
1.2589885457
1.0181393143
3.3041962730
0.3913880466
0.7414474143
2.1449380396
0.3120439329
0.3848443637
0.3050975555
0.0380227495
2.2972317707
0.3551632516
0.0306373823
0.0920073238
0.2125114609
0.0213200255
0.2613306699
0.2857743740
0.5641332102
1.7021485977
0.5527676112
2.1408044730
0.0398202854
0.2133138218
0.7417842402
0.3785786409
0.7831291162
0.8842620954
0.1257986415
0.3114335961
4.3728027815
0.2327352989
0.9719432717
1.3938189895
0.3083974845
1.1638687878
0.5786268456
1.3965029235
0.2236779031
0.4235243477
0.1433852913
2.1861141714
1.0746669589
1.1479542053
0.5086177155
0.1737819714
0.9398570716
0.0959391975
0.0859330608
2.4135388133
0.0878200139
0.0655437691
3.0563098227
1.0279248372
0.0885023937
54.0131655939
0.1244575726
0.1355222206
0.1400383532
0.8671516622
1.1657304983
1.2652324156
0.9339705343
0.1824388118
0.0423946755
0.1355222206
0.9904228672
0.1244575726
0.0276694392
0.1389939267
0.0201251731
0.2254842665
0.2254842665
0.2466973365
0.1367107020
0.0207516175
0.0423946755
0.0169747401
0.0909619687
0.8293743794
6.8279710972
0.7249553870
1.4648609116
1.0498106537
1.1005233400
0.6013358560
2.9456325355
1.2103762805
0.2434122738
0.7760318533
0.6225726969
0.0936600640
0.1426843700
0.9960646190
0.0273331960
0.2554137095
0.0057470282
0.0840440753
1.4864697492
0.6623270799
0.1831931533
0.0517958426
0.0740454585
1.7928937110
0.3818219459
0.0057470282
0.1212173157
0.6344693828
1.0008879680
0.1638383924
1.0879796541
2.1000274478
0.2817748140
0.5592680844
0.8014958719
0.1031522490
0.2233609971
0.6071443434
2.9780345981
0.4314190941
0.5373073257
2.0166359699
0.0665940395
0.5954653747
0.1905771982
0.2106064253
0.0290230039
0.1170180371
0.6737798833
0.7664194610
0.2266171119
1.8624709291
1.5713854067
3.1894709265
0.2259737026
0.0678096087
0.4624977211
0.1889531794
0.0351087431
0.3494402306
0.0351087431
0.5677460498
0.0137259024
0.0981917720
0.6557082761
0.3219713779
1.3102021752
0.0270675483
0.1969228788
0.2600515032
0.2006059659
0.1137609877
0.0230565624
0.1155284601
0.2939458215
1.5010409926
0.0046070565
0.0263410049
0.0303165219
1.5521431420
0.2827792766
0.2658586910
0.1444224705
0.4078990256
0.0393559727
0.8749784198
0.0206509669
0.0949866530
0.0764063663
0.0668880364
0.2106502552
0.0815767036
0.0135156416
0.0421347067
0.0308138415
0.0046070565
0.0205503491
0.0157592952
0.0654541578
0.0398594834
0.0227425979
0.0110969933
0.0164873252
0.9131622010
1.1568284744
0.5845182434
0.7414067746
0.1064441347
0.8150818088
0.6313583269
0.5636662811
0.0384862728
1.6036862984
0.7950696803
7.7091732756
0.8929639589
0.1406530615
0.0151810031
0.9067067520
0.9712002922
0.0272799260
1.0628507984
0.1353860821
0.4264516281
0.5636662811
0.0999039925
0.0598354787
0.2625385422
0.0267909739
0.1258825333
0.2317149639
3.1177580387
0.8215956995
0.7434859889
0.4806232855
0.4314646982
1.4566608923
0.3991019774
0.9950778094
0.2880606968
0.4314646982
0.2317149639
0.4381394092
3.1099699166
0.1259513224
0.1121731684
0.0535494996
0.4460432652
0.1739170090
0.0401242263
0.0237519375
0.0804074298
4.1330663015
0.4875776351
0.9082643918
1.6916351738
0.3325433700
0.0671242020
0.1159226289
0.1602383141
0.4875776351
0.0254255123
0.2128320364
1.8279538310
0.0602652583
0.1702742677
0.0366691920
0.2598702465
0.0150413797
5.9986155698
15.7216605469
1.5084509697
0.1428058573
1.0317830000
0.8784336272
0.6513172340
0.6554313953
0.1482686743
0.5816766189
0.0912261189
0.4823802509
0.4443023371
0.4924229980
0.3922953768
0.3407414954
1.1818990631
0.9492521853
0.1867190454
0.1342170573
1.0845841436
2.5035049427
0.5100261568
0.0407885666
0.0705943381
0.4782050388
3.4412166076
1.6293628089
0.9073297848
0.0705943381
1.8994089302
0.1862403302
0.0297122771
4.3749117048
2.0695160277
2.0551075201
4.3749117048
7.0968586387
2.0551075201
4.9220599456
1.9387961635
4.9220599456
3.5360499745
0.7200283450
0.8034498762
1.7408542959
1.4715150250
1.6906572056
1.9387961635
6.4098387901
3.5360499745
4.1713612325
0.0689940444
3.3840330014
2.8665668747
3.8547827860
0.5268854943
6.7439230082
1.6472169336
2.8665668747
5.1329669765
4.7481582745
2.8472368666
0.5268854943
6.2439297721
0.0689940444
5.4863089585
3.3840330014
2.6768274981
7.8379310345
4.3590790750
2.1131248427
2.1131248427
0.9737202640
4.4329713822
2.3629936616
3.8170917291
3.8170917291
2.7796358723
2.7796358723
2.7737933122
1.6547119615
3.0894044419
2.8977354421
3.3732077764
6.2726589714
3.2349767179
2.0945995931
3.2349767179
7.1586804001
1.7722642845
4.7911622637
6.8002383182
3.3782325537
0.6144173655
0.6144173655
2.9220106048
1.9710450118
0.1843550499
0.1843550499
3.3782325537
1.4890095549
3.8815638301
1.0150000648
1.4890095549
2.7095611090
3.8815638301
0.8068370897
1.0150000648
2.9220106048
0.4267068582
4.9920077167
1.2351778656
0.4267068582
2.1915598200
2.7297775132
5.5838373533
2.0780189959
2.7297775132
4.6156762525
1.5063861758
6.7656108412
4.5379584209
0.8717943004
5.2366934077
1.6233391839
5.7386624654
2.8061129354
2.8061129354
1.2403614458
3.3164405363
1.5706240839
4.6156762525
1.6233391839
3.8077652874
0.8717943004
1.1535084449
5.7386624654
3.3164405363
3.6135355411
2.4192738394
2.1506202657
1.1535084449
3.8096904937
2.2771330187
2.4192738394
6.7656108412
0.9279835391
3.8077652874
1.8450436070
1.4008134274
4.7371342434
3.9545356857
4.0560680373
1.4008134274
4.8901306685
1.7286877640
1.5983686153
1.9163612129
4.4438131969
0.9279984399
1.8450436070
0.8743630486
1.3139083625
1.9074180093
3.5703336071
1.4724879333
1.9358199730
4.0560680373
2.3760057032
1.7286877640
3.3111975526
4.4438131969
4.8901306685
2.7388328750
8.8922975269
3.5703336071
3.1617442633
1.2555933676
2.1991103068
6.0408564481
1.2555933676
3.7521369406
3.7521369406
0.7137788155
0.7455327744
4.7371342434
0.6838355257
0.6838355257
2.6157966018
3.4077867118
3.4497646224
3.3111975526
3.9545356857
0.7137788155
6.0408564481
2.1991103068
3.0633550831
0.9279984399
3.1617442633
2.2970023981
3.4497646224
0.6256133464
0.7455327744
1.9358199730
0.9190331771
4.8054462194
1.4212125713
6.3621491580
2.5878712169
2.4183848326
5.6865635710
2.4183848326
2.8678592904
2.4472187311
3.8446562007
2.9979350687
2.5934670623
1.7787555706
1.8598067135
2.9608372120
1.6972220670
1.4562513199
0.6078666319
0.9906645549
2.1073313318
0.1805694510
0.3243919292
8.0667860340
1.7192856287
4.8054462194
2.3007277257
0.4573438557
4.5283255394
1.9785369214
0.4573438557
1.0330993551
1.8488501742
2.4472187311
2.2680232195
6.6733781589
2.7521915508
2.4614064314
0.6077180188
0.9438414346
4.5283255394
1.4320569081
5.3730362396
5.9010504071
2.3946045260
0.7200302262
2.0382173027
0.9483678916
6.6733781589
2.7521915508
2.5934670623
1.8646792453
1.1125784722
1.4462443138
0.9906645549
1.4320569081
1.2173641165
1.4096398249
2.9656227935
1.9124909660
0.1805694510
2.9608372120
4.5630670179
6.2748756176
1.9785369214
0.1134533291
0.6078666319
1.2173641165
1.4212125713
0.3243919292
2.3946045260
1.0442849322
8.7541385653
5.6865635710
1.1516416249
2.1114441990
3.4966143551
0.2587995935
2.9656227935
1.1125784722
1.7848845155
2.0116146501
1.0965769368
0.0264374355
2.1073313318
3.9726107684
1.7124834875
2.9979350687
0.8077220077
6.2748756176
2.5896568731
3.9726107684
5.3364854321
0.0264374355
0.1134533291
5.3364854321
0.2587995935
1.9537408150
1.4562513199
1.8598067135
1.0965769368
2.0772130032
1.5735636001
1.0098824245
0.3052540704
4.3718690116
1.6501840696
0.3188552052
0.7906707022
1.0333558991
0.3188552052
2.4688403947
0.0809989505
0.5281652318
1.0328090830
1.9463233511
3.3807520352
1.3435686667
3.1204755614
2.6239813932
2.0081461740
1.6878634640
4.4226889623
2.4688403947
4.4284591881
2.9014650588
1.8764139904
1.9565531352
2.1210072844
5.6958958450
4.3718690116
1.0333558991
1.3626514998
3.8370120591
6.6050287914
0.6419183375
1.5687116031
1.6793536215
5.0037771935
5.0037771935
1.1623299450
1.5687116031
3.2665305362
0.7900302450
4.6777670917
2.9014650588
6.6050287914
1.1623299450
1.6803624447
2.4936635336
0.3052540704
2.5375405736
1.0753075157
0.8244784595
1.2755066325
0.4303588798
0.4303588798
9.0912522412
0.5000750113
3.1884386178
1.0328090830
0.5281652318
1.2755066325
3.1884386178
1.0753075157
3.8370120591
5.3393745228
1.1086840901
0.2658574253
2.4064485538
0.7107961962
0.0809989505
2.1210072844
0.5490282201
0.6269769544
1.1756458031
5.6958958450
1.6803624447
7.1891474621
0.9277828289
5.3393745228
2.6027180367
2.6239813932
1.4095238095
4.1039706582
2.0424223057
7.4979287115
2.0081461740
2.4250172771
0.5744155322
3.7779776587
0.7900302450
1.2755394310
4.1039706582
0.7906707022
6.7539138743
2.8983403724
0.8873677660
1.6966078491
6.2569685139
4.4226889623
0.7523118418
0.9535753433
0.7407523839
0.6704354640
4.6777670917
0.9886668492
0.9619798579
1.4436686999
0.7441952507
6.1697177217
0.8392313101
1.3979289599
3.3807520352
0.2658574253
1.4095465059
0.9500782602
0.2634004689
1.5538301645
2.8674187870
1.0115429764
1.9463233511
2.5677812338
0.6162302737
0.6419183375
6.1697177217
1.3435686667
1.4347105917
0.5466273095
7.1891474621
1.2049765763
0.6074227055
0.2913461062
0.2634004689
2.6016807890
6.7539138743
0.8244784595
9.4740498164
1.4864096734
1.3979289599
1.5434169109
1.1086840901
1.0760023938
1.6195928753
4.5897788139
3.2665305362
2.4459365096
6.2569685139
1.8360385291
0.8932954894
3.7779776587
0.2729924471
2.6273000057
1.2143647173
2.0486883809
1.4659993096
3.5125701944
0.2913461062
0.7910021946
4.5897788139
0.2729924471
7.4979287115
1.2907792235
2.9217578709
2.9278382400
1.5365657534
0.7953067867
6.3676049618
1.4015541035
4.0296909959
0.7639839530
0.7380853936
3.0300148725
0.0080127281
3.7578873704
0.6523846027
9.0907643312
0.5362446319
2.0129751378
2.3753875802
6.7024422953
1.2818889774
2.9217578709
0.9716317743
0.7322123720
2.7078121049
0.7436954798
2.0973334648
3.8794778001
0.8492237666
1.9393574297
0.8084727949
0.7380853936
1.3810412533
1.4015541035
1.5377791189
6.5167560838
4.5890152655
0.8653811829
0.3399387172
2.4474403729
3.7578873704
2.2913010950
3.0268790749
1.1793026325
0.7512034031
1.3234377030
2.0973334648
3.4303939143
1.0645464531
1.2570598677
0.0080127281
8.0732666190
4.2795429021
4.7158242613
1.5128755365
1.4749949587
0.7322123720
3.8794778001
1.0645464531
0.6272141598
1.9393574297
3.4168908699
2.9278382400
2.0129751378
3.4168908699
0.3399387172
0.6746731179
6.8628507125
1.3810412533
1.2907792235
2.6635368506
0.6148615300
1.7825510279
0.7953067867
1.1793026325
2.4598178587
4.5890152655
1.0196510560
5.2175425485
5.4614544958
1.2818889774
4.7158242613
6.1021185200
2.2148103552
2.4186130291
1.4546290150
0.7759298875
2.0177104254
1.0518607443
0.5223505776
4.8363964119
3.5600827487
1.5365657534
5.2175425485
3.0300148725
1.1707938427
2.4426076636
1.1510859301
3.1752591762
4.1560805661
4.1560805661
1.1752595991
2.6635368506
2.4300166759
4.8363964119
2.3753875802
2.9673416568
2.4474403729
3.4303939143
1.1212849624
6.5565688721
1.1000101430
5.2285329902
1.1254182467
6.5167560838
0.6523846027
1.3633128126
2.9673416568
2.0010507881
0.8775008775
6.8628507125
0.6272141598
0.5029022545
4.2795429021
2.4598178587
1.0554125219
6.7024422953
1.6999083690
1.6300294406
1.9973075946
1.2142231735
0.9903314917
1.7355218027
3.3761860598
0.8916117628
2.3339426482
1.4099416999
1.1699104478
4.4353918853
3.0889171743
1.7355218027
2.4561822524
0.8653811829
0.5029022545
1.1561037856
2.1172318551
0.7639839530
3.4668070175
3.5178074302
1.1212849624
0.9716317743
1.6261913166
0.8855084511
1.3171497743
2.7078121049
1.4082636498
1.1707938427
1.0818935244
1.5469865418
1.1784748201
2.3111085740
1.3983583909
0.0989021104
4.4285240968
0.5814260134
1.0104459892
3.7944469894
4.2556269633
0.9272541265
0.6156711827
3.5974780213
0.8427304044
1.0846794886
0.8541898010
0.3001045950
2.2943328074
2.1662782114
0.2861341049
0.8427304044
1.4882727766
5.8384741749
1.9634653323
3.2798133373
2.4452378577
2.1383031590
5.7569414473
2.0110604563
3.2798133373
4.4922232932
5.2063825914
9.4585446742
2.1336027431
3.8432129706
3.7944469894
1.8178268998
5.7110330383
2.2533213465
2.5413909956
2.2943328074
0.8189410389
1.9202516994
3.0663179983
2.9388352096
1.6850262104
1.3225587008
0.6916193114
0.5395679210
2.5444345205
1.5621170865
1.9202516994
4.2595604326
6.3073456840
5.2063825914
1.0846794886
1.0736887268
1.4353670245
1.8674499063
2.9896701763
3.5974780213
1.2372637944
0.8734380709
3.0892787827
1.4148854962
4.5394828321
2.1272439247
0.5055209993
2.3665320360
2.4769011160
2.9896701763
1.9240960530
1.4851030833
1.3983583909
1.6850262104
3.9220937528
2.3845671595
1.0104459892
2.0861425808
6.3073456840
2.5339488854
3.7177905851
4.5394828321
0.7024674187
0.9147624775
0.9591543060
0.8441230240
0.5784693700
0.8425573232
4.2556269633
9.1019830028
3.0663179983
2.2600376412
0.5395679210
3.8432129706
1.4389859518
2.1383031590
2.8076632562
2.0155042806
0.9272541265
2.1920046933
6.1204072029
1.3398498423
0.9617348774
2.5660012878
0.3001045950
0.7224144560
1.5230602931
0.0904798439
1.2612012464
0.5718991368
1.7584266263
5.2926459302
1.0996401736
4.4285240968
0.9407449539
3.2021182098
1.5401205500
1.1532857143
0.3144623686
1.4389859518
0.8078031776
4.4922232932
4.9705607095
3.0205364627
1.4020618557
0.8453057805
3.9220937528
0.7774397972
0.6714113066
1.3447654551
0.0904798439
0.5055209993
0.7298951956
3.7667564699
1.9239737541
0.0989021104
0.9714977837
0.2861341049
3.7105409411
2.1662782114
1.8564646036
0.3144623686
4.2595604326
3.3824947758
1.3398498423
0.9745241369
2.1909559939
0.9407449539
1.3248141795
6.1204072029
1.5798603289
5.4332202628
0.7807878550
2.7361751152
1.0326291712
1.9710065144
1.0346950196
1.4236974909
3.7177905851
1.4628492670
1.4661381349
0.6156711827
5.4332202628
1.4732986312
0.9213189312
2.4452378577
5.2926459302
2.9069652444
0.5814260134
1.7938413361
2.4096167751
1.1341729067
1.3225587008
2.2331117945
0.6916193114
0.8125336042
1.6662164769
7.8021054350
0.8453057805
5.8384741749
1.1644578906
3.6051636089
4.7804277126
4.5714839460
1.3715465227
1.1116877256
4.9705607095
0.5298574683
2.3182117028
5.7569414473
1.9634653323
0.5137690095
0.7650524061
1.4851030833
0.5462823276
1.7906269718
2.0110604563
2.1272439247
1.7161645783
1.1644578906
0.0405904703
0.6377224528
2.0678276007
0.7578567200
0.8017706179
0.0268071775
1.9300778923
0.8034995816
0.2383103389
0.0236427668
0.3656249337
1.2477542642
0.4051054666
0.4925183488
0.2786282927
0.2562671197
5.1587109773
0.5993080207
0.1140336339
0.3360272359
0.2971927864
0.0268071775
0.0412418784
0.0474376256
3.4137755075
0.2828858857
0.5439365745
0.1424684374
1.3316696364
5.1058952684
0.2387385093
0.0730960242
4.8277496534
1.0911948175
0.1772919321
0.2386929403
10.4288530297
0.3004343486
0.0855221022
0.8017706179
1.0962494340
0.5644212677
7.5601616288
0.1703946360
0.0160347093
1.4606828364
0.2557109628
0.2185779579
1.3478578592
4.3285529665
3.7507392439
0.0501826428
0.3410649193
1.9583224334
0.0340333364
0.0914575738
1.2900153522
7.5601616288
1.8968745464
0.0545736157
0.1345290651
1.8968745464
0.0576615560
0.0110993212
0.1831789409
0.0732150645
0.0651621514
0.0200597309
0.3032032229
0.2245001679
0.0765710627
0.0823120034
0.0554792268
0.1413043130
0.0444346258
0.1953095369
0.6576418120
3.5463986899
0.1186829205
0.0284960552
0.0956021689
0.2000659817
0.1317805757
1.5326533273
0.2088158392
0.0577854145
1.0911948175
0.3125836357
0.0651140517
3.7854204389
0.2583760313
0.3909016706
0.1045394969
0.0347391147
0.5571679303
4.1497499370
0.0232048075
0.6473935588
0.0405904703
14.4080421761
0.0188360399
0.0145654037
0.0397604763
0.0434054554
0.2264028225
1.1111938066
5.1587109773
0.8034995816
1.4877159190
0.0215912771
0.6473935588
1.9300778923
0.0971090002
10.8517081356
0.7799764653
0.0791847900
3.4137755075
0.0199910251
0.3747539607
0.0434332947
1.6322808023
0.2215444237
0.0390213673
0.0717927338
0.1772919321
1.4574490125
0.2365938622
1.9583224334
0.0532490518
9.5339488636
0.2183178343
0.0311722810
0.1150728541
1.0962494340
0.1336069479
0.0996024759
3.5463986899
0.0637074715
1.4672340426
0.0758853482
3.0555896031
0.1256398156
0.0181186496
0.0496422771
0.0288965213
0.0849424869
0.0659359719
5.9735942645
0.0303643842
0.3060273813
0.0499288240
0.7032856515
0.0799664982
3.2933929055
0.4488669462
0.0970030678
0.0168673032
3.7854204389
0.2890047292
0.0311362067
0.1189168583
0.2955148410
0.1636697238
0.0188664650
0.0195926826
0.2439732721
0.4042329688
9.2499709674
2.6072503305
0.2630124249
1.5525912550
0.4020449933
7.0680514602
1.0392730237
0.2688141038
0.0191727644
0.0621753526
0.3360272359
4.3285529665
0.0291854061
0.3521925216
1.5525912550
0.0682190024
12.7898664349
2.0678276007
0.1589591900
0.1271494578
0.0306449793
0.0834536906
0.0512491862
0.1765565687
0.2112825553
0.0413940580
0.0521319428
0.1973520356
1.2256622343
0.1295511901
0.0339869363
0.0734235050
3.7507392439
0.9323529412
0.1381575550
0.0753980231
0.1283575853
0.1526332449
2.0481611456
1.6033595234
0.1522492498
2.9053114583
0.1516956790
0.3056282390
0.2400774564
2.9053114583
0.0529207714
0.0151197000
1.3205303894
0.0580812224
0.1289885755
0.0537563368
0.2725386161
1.2134411821
0.1230021556
6.4254758068
0.0463120265
1.6033595234
0.1362966414
0.2171934542
1.9031367686
1.2871829398
3.9737555141
0.4407268324
0.0242549767
0.5602348917
1.2163241351
0.6457146532
0.0959337802
0.3548652289
0.0442248515
0.4913843204
0.0273479437
1.4347231514
0.0634191621
1.2134411821
0.2299067377
0.4415454145
0.2460814838
0.4619831000
4.2564710792
0.3841483755
0.1468393789
8.8840083487
0.3834485109
0.0627100807
0.2353361502
0.2021958062
0.3230033583
0.4518241744
0.7956187683
0.7404237036
0.2048027377
0.7677398723
1.9031367686
0.2567009173
0.1094498069
0.0617443106
0.2264826680
0.0281699711
2.3952534851
0.1077888571
0.0408662778
0.5776540173
3.9219665670
5.5571107145
0.1258609096
13.6229166391
0.0685461933
0.1118775574
4.2564710792
0.6704951866
0.0971187877
0.1196769819
0.2047924262
0.0451881126
0.2400642842
7.6315245753
0.0395380556
1.3279423756
0.0836009444
0.0500565639
0.0151805883
0.1872364809
0.0217968605
0.0775637125
0.0481465882
0.4033108326
0.0467500525
0.2807747852
0.0193529963
0.3924238654
0.0506000629
0.0518273680
0.0756133635
0.6923660403
4.9740197502
0.0244373234
0.5368674216
1.7518175339
0.0101325643
4.9740197502
0.4449268106
0.1980112320
2.0481611456
0.6789066758
0.0342347917
0.1451355455
0.4178828160
3.9737555141
0.0733015161
0.2208863574
0.0417881045
0.1926046954
0.0300448163
0.0904615177
0.2289021983
6.4254758068
0.1568810172
0.6065938195
12.8917096981
2.5145001137
0.0450120919
0.0769162676
5.8160605481
0.6557263369
13.6229166391
0.4446972595
0.0206943668
0.1148128121
5.5342875478
1.0590216957
0.1324833026
0.8233029746
0.1486177653
0.6247930005
0.0652058154
0.0486912591
0.0563175751
0.1483605525
0.2887065069
0.3113507806
0.1381575550
4.6803003037
1.9928835401
0.0792151208
0.2787470243
0.6928504585
0.0706214012
0.2421279767
0.0107302700
0.6341969739
2.4734880871
0.0222581464
0.0987448055
0.1533134079
0.0487023065
0.1585258320
0.0582198676
0.0436147408
0.1072101668
0.0180605578
0.0841414110
0.0347771577
0.2640493056
5.8160605481
0.0307356431
2.0603330806
0.1677497789
5.5571107145
0.2641804290
0.1164837807
0.0877280134
2.7881335083
0.1095051087
0.0221567073
0.4126481493
0.3262702097
0.0267411000
0.2158885331
0.0517869082
0.0306151086
0.4569400968
8.8840083487
0.0240451680
0.0467071999
0.0899035849
1.6903222747
0.0540433680
0.0835238984
2.4734880871
0.3974346948
0.0539611677
1.9614876963
0.2202061176
0.4492396379
0.5778161508
3.3557378495
2.9055327423
0.0547142757
0.1235671233
0.2202061176
1.9614876963
3.1295387645
1.9298075804
1.3550008145
1.1384940313
0.0133180933
0.0150037670
5.1915525252
0.5109753460
0.0522443173
0.1117763281
0.1394642437
6.9538782514
0.3122290146
0.2384395851
0.0648833876
1.3964246342
1.8563144498
0.0578390686
2.4870562741
0.0517220801
0.0816102559
1.2481068624
0.1355477935
0.9388515255
4.4546078731
1.1288241135
0.0563042626
0.0800175767
0.0669467024
0.2831781942
0.0997122011
0.0503006294
7.5499552947
7.0695875235
0.6475138656
5.3446938235
9.7920886390
0.0499015302
0.1737059122
0.0618927566
2.4601629630
0.3933604809
3.4599911463
0.0372822335
1.5461858060
3.4599911463
1.4187352476
0.0286487122
7.5499552947
0.0840685855
0.0480897582
0.2311627407
0.1017559560
9.7920886390
17.7539796340
0.0993224035
0.0300381022
1.0637326528
0.0251486342
0.2305406756
0.1175834822
6.6228410911
0.0620968272
0.9938155953
0.7136119523
0.0487497913
15.8286473579
0.2701135483
0.0756252147
0.0215808491
0.0220030232
0.1183008195
4.7095670448
0.1475322010
0.1138100370
2.9822264567
0.1364483956
0.6039400263
0.0957608195
0.1834391314
0.3260822376
0.8316879773
2.9055327423
0.0107893604
0.0641154738
1.1384940313
0.4014595863
0.3875001498
0.5853319856
3.0640695060
15.5520469443
0.0894730681
3.1295387645
0.0502665732
0.2500898129
1.9298075804
1.1606960232
1.0211927108
0.0454987649
6.6228410911
0.0666220367
0.1542660481
0.4535720178
0.2582879801
1.4806542977
9.4783664738
1.3895511577
9.4783664738
1.6508590727
0.1385137235
1.0744248648
0.1098666524
0.0895237521
0.1051276104
0.0508997673
0.0944666526
0.0275952416
2.6885675716
4.4206546445
0.2671110391
0.2827280226
4.4206546445
0.0999870457
0.2830529915
0.7959897597
0.3500969250
0.7879927362
0.0270020802
0.1774865514
0.8127804222
0.0755841883
0.0258980807
0.2681997561
0.0332481721
0.1686526001
0.0688034437
0.0544243786
0.6611386221
0.1012066755
0.5849083171
0.0106742838
0.0509234896
0.2974108793
0.0334314831
1.3430024045
0.0281159420
8.9911501034
0.2600703708
0.2012506118
2.4870562741
0.1108533752
0.0548938533
0.3796435854
7.0961200111
0.1165842210
1.8563144498
5.1915525252
0.7136119523
0.0179225281
0.2068396203
0.0213164284
0.5070234328
0.2618839537
0.0625768870
0.4492396379
1.5498885221
0.1627516354
0.8631572380
0.0268458649
0.0286900117
6.7366667541
1.2481068624
7.0695875235
0.1352688237
0.0739371493
0.8248964635
0.0483908246
0.0278078466
0.0249630525
0.2548360806
0.1068343248
0.0653431061
0.0594380473
5.6230132974
0.0172298880
0.2474618585
0.1541113434
0.0162705026
9.6682891673
1.1375593337
3.6689933933
6.3778513727
0.1449056112
0.2805316477
0.2073068883
0.1376584338
0.0889262941
0.0428812832
1.4998956110
0.3670570544
2.4915081248
11.8249233599
0.5459711989
0.2793872455
0.5035714613
3.1278506678
1.3760431580
1.0916801516
0.0939345185
0.1041637859
1.3760431580
0.0390298649
0.4995935610
1.7987060574
0.0396153236
0.0113553751
0.5745761325
0.1449056112
1.0121277173
7.7242946775
1.8801097041
0.2246390069
0.5459711989
0.3970380327
8.2187854219
0.5221487056
0.3496370996
1.5789192081
0.0143946406
0.1791261775
0.0169562281
0.2456908278
0.2108746104
10.4813654074
0.4196032386
3.4051506264
0.1583542571
0.5127624780
0.2743179354
0.5343326385
4.9242468804
0.2616263179
0.1870696172
4.3418353697
0.4873737121
0.0659297744
0.0355743267
8.2187854219
0.1217066265
0.0280022671
0.4056575864
1.7911952466
6.0575488228
0.8831789746
0.7675242604
0.3673088933
3.6689933933
1.7987060574
1.3137468196
5.4126882181
0.1264231944
0.0773827555
0.4323772011
0.0525638120
0.0607305535
0.0285039749
0.3644462994
0.9017772692
4.1808597110
0.0540004359
0.1400700989
0.2550633027
0.1140169371
0.8459775487
0.5820819264
0.0317766476
0.0134956326
0.0988031012
7.3516966584
0.0260642740
0.1581281929
1.2019545926
1.5722657160
0.3335595337
0.0449761526
1.1211695633
2.4915081248
0.8863412089
0.0626339897
4.1538833578
0.1780916457
0.5557486719
0.6462341171
0.8863412089
1.0121277173
1.2018443260
0.1185252003
0.0760666702
0.0307948769
0.1954318982
0.1214959473
0.0577201064
0.0147844138
2.8921542414
0.3947986999
0.0102833791
1.8577634996
0.9821176504
9.4411872427
0.7343265869
0.1038958705
2.7683279915
0.0456684675
0.6321289705
2.1606232585
6.0575488228
10.2511042002
0.1434938670
0.3085480538
0.1087612748
0.0414800738
0.2888123460
0.0986476197
0.0392580720
0.0783215794
2.3711284188
1.7911952466
0.0477724594
0.0533287315
0.0416112841
0.1357772888
0.0255130135
3.4051506264
0.2427350461
0.2184211223
0.1987063253
0.0674349178
0.6047346291
0.1160723081
0.0123007364
0.4060431170
0.1065257718
1.1434481826
0.1248037291
0.0215637146
0.0357391714
0.0429250173
0.0291906604
1.4998956110
0.0313356991
0.0500323019
0.0816349381
1.7781515581
0.4708863646
0.0420424422
2.3341988997
0.0728899760
2.7683279915
0.0107115007
3.1278506678
0.1974441338
0.0120584206
2.5894813532
0.0202929145
0.0332192805
0.5559089916
0.1616182506
0.1121467878
4.1538833578
0.0286852228
0.0247783021
0.1315597341
12.8465991317
10.2511042002
0.0216800473
0.1056011150
0.1874640019
1.7534047675
0.0287398939
0.0189650945
0.3449021247
0.3985678758
0.0742925492
0.8292545518
0.0138095988
0.8669687001
1.8844047080
0.0299973546
4.1808597110
0.0511962975
0.3564797929
4.9831532178
1.3311047215
5.2844025613
1.6837595341
0.0300650288
0.3933616810
1.3558933522
0.3362549649
0.1354373486
1.8250876050
0.1930188999
3.5618101775
0.0501696168
0.2374432280
0.2657791415
0.1734084448
0.2907696825
0.4862725693
0.8722105419
0.1860774355
1.1130536817
0.0589028862
0.4883256205
0.5087111530
0.1831230008
0.2090278579
0.1149011795
3.8880133856
0.1215993537
2.1163766618
1.4244472752
0.0802829004
0.3153509285
2.1113190045
0.1956697454
0.0607744198
2.4179610224
0.1999745018
1.7450669405
0.0165693223
0.0571686400
0.3938868388
0.0660120046
0.5809703818
0.2303027796
0.0227625501
10.8060861839
0.1984482321
1.0458535399
1.7586800701
0.1738443419
3.3450142601
0.0828326588
3.6011293952
1.9906295050
0.0297542919
0.0947723212
0.0242135581
0.2570551323
2.0609292438
0.6948916148
0.3564797929
0.1717584947
0.6818058781
0.0264377885
0.1784162986
0.2872362801
1.1294907044
1.7586800701
0.0601101444
0.1403541431
0.0278901722
0.0532949779
0.0173934823
2.1113190045
0.0725191807
1.6837595341
0.7785612515
0.3161106599
0.0117314238
0.1087720658
0.1931208698
3.8770640987
0.2437922626
0.1377908837
0.2087612653
0.0417625448
0.0409014192
1.6615105103
0.2738343311
6.9649518722
0.0646751760
1.4244472752
1.5106565604
0.4022307857
0.1401278000
6.6882796939
4.9831532178
0.0219414938
0.5506952021
0.1200036171
1.6615105103
0.1997045492
0.2338530447
0.1674235083
0.1087046043
2.9161586196
0.5708642505
0.0348979903
0.2195538640
2.4179610224
0.4956343630
3.8880133856
0.0360418210
0.0974424268
8.5071330541
1.8250876050
4.2675904974
0.0210754334
0.0131985032
9.1155147514
5.2844025613
5.5346813054
1.0309551208
4.2049429195
2.1163766618
2.0799305685
0.1776953680
0.0775494307
0.0648507647
8.3749745849
0.0952026109
0.0114284541
0.0254333080
2.5640658871
0.3040548268
0.0101410108
0.8673683029
0.1418472755
0.1322171860
0.1515835487
0.0461070179
1.7425281811
1.1847515734
0.1854885503
0.0628481284
2.9779194703
0.1035056872
1.6272918087
0.2589971914
0.0122645325
3.6011293952
1.2654069585
0.2237449335
2.0609292438
0.4390753348
0.0104646515
0.0436453698
4.2675904974
0.0346989457
0.0655770409
0.1958133391
0.3003538234
0.1586983804
0.3112592162
0.1738446922
0.0652809693
0.5826062559
8.0622272690
0.2829592178
0.2863530737
8.5071330541
0.1637546344
0.0221726306
0.0319551127
0.8715861770
0.0112032263
0.1135997406
0.0262901665
0.1127528421
5.5346813054
0.0456341028
0.4867800661
0.0471958339
0.2310407046
0.0763435084
6.6882796939
4.2049429195
0.5006711444
0.0627367244
0.2061907569
0.2443834948
0.0355873673
0.1151748930
0.1151391013
0.1020447603
0.0390034945
0.0200160666
0.0318555373
2.0000000000
2.0000000000
1.0000000000
0.9999990000
0.0000000114
0.0000000114
0.9999990000
0.9999990000
10.0000000000
10.0000000000
