4.0000000000
1.0000000000
1.0000000000
2.0000000000
2.0000000000
0.6111111111
0.0100000000
0.6111111111
5.2937370714
0.3931996496
11.0445337986
2.0777525750
4.8013298058
0.0925901184
5.2170809540
2.8263276111
7.2530407655
4.1854333868
0.2348376111
1.0517364512
0.0925901184
1.0517364512
1.9988021561
1.5152495697
9.2586039054
9.8035730562
2.5139693356
2.3766501335
0.2348376111
0.3931996496
0.8495719527
1.1707239711
5.5086335049
11.2472986391
1.9216647806
0.0110684939
0.7128558245
0.0110684939
4.4084684860
1.6240383883
1.4319521422
1.0766522367
2.8259891389
3.8931208902
1.3579102806
1.0144084669
1.0515383761
1.7918185796
0.7617569218
0.0488706933
0.0488706933
1.3040917782
2.1455443663
1.7034506320
1.0593488908
0.9524561057
0.7259602822
0.0126209494
1.6219980359
0.0150225575
2.4073884568
0.0150225575
1.1625470012
1.1123539647
0.0126209494
1.0783477991
18.8189224218
6.2578026592
12.5085085998
0.7085903281
11.5350629973
5.7572502229
7.0506726898
4.0169838812
2.0502317237
3.1561653233
0.2863098864
0.2863098864
4.9607377772
3.1345457032
4.9636517903
1.4420410890
2.8100514444
4.6365351299
3.7515433404
3.8984947729
4.3323895810
13.9860541427
12.5688916105
0.1424540004
0.3776560645
2.8748779871
10.0418766358
3.5938280558
8.3304103823
1.6437805455
3.3023511984
0.5158704483
5.9645667480
0.8652905464
0.1424540004
0.3776560645
2.7139863983
6.4668863040
2.9034912846
0.9692258594
10.4894803664
2.3667180277
1.0758760951
1.5030396739
0.1766319013
12.8182788684
2.0203400706
0.9096007193
4.1187234851
0.9096007193
3.6229697766
0.2678874011
7.8743961353
1.7393876409
0.9043426999
4.3852014900
2.4099633601
2.0740394549
6.9807873275
0.2678874011
7.5738752329
0.1766319013
2.3439903659
2.7043683589
0.9692258594
3.3576363117
1.9115371678
2.2912492029
1.1410847998
2.0796352784
0.3817820901
0.2190306480
4.0133214616
4.5693738696
2.2912492029
2.0255604206
0.8919039543
2.0796352784
1.1410847998
18.3957612457
7.7077687444
0.9437531529
4.2165213301
4.8476585864
0.5046860163
3.9165399114
4.6231959724
12.5812008118
2.8702612367
4.3110496618
3.2595003593
10.5190639952
3.3518755922
2.7354765350
3.8088733587
0.2190306480
5.0429662379
4.1745419479
2.7283564423
3.0680059629
5.4498620055
4.3189272718
0.3817820901
0.7372675205
1.0276700210
0.3633226155
4.3692334195
0.3633226155
8.6860164592
2.3583019177
1.2207777299
6.7187381017
1.3523286847
8.4013796240
9.1126784942
8.5380139643
6.2875634832
3.4064992395
0.7372675205
0.6544808527
1.0392653120
13.7279518950
2.2759295499
1.7668580901
2.1991238930
5.3636864329
0.8170265268
1.0441609421
0.0947606175
2.2625217254
2.1330666667
1.3889668725
1.2207777299
1.3559449500
0.9640972581
1.8670396745
1.0276700210
1.1482318118
0.0947606175
2.5927135247
6.5374348612
1.0250762706
12.8771765684
10.9100634726
0.6016457831
2.1095868706
4.2102076663
0.6016457831
5.2723577236
2.1095868706
7.6433676480
5.1951631253
13.8377100570
0.5818801560
0.5818801560
1.6018721220
2.5654827417
5.6300333551
4.2102076663
5.8084022672
2.1339952343
10.4408347303
8.2118263946
3.4654436717
5.9751124725
1.3327424477
10.0926251612
9.0114976128
9.0764858792
3.6282168377
3.8252619654
7.7293448678
3.6503246753
21.2698814344
5.1580339962
2.5654827417
1.1859006426
1.1398315789
4.8833225299
5.9793014230
4.4919081077
15.2223750000
9.0821772152
1.8971461269
11.3598763615
6.7496763271
10.4895089033
2.5743567379
8.8189168954
1.3001659626
3.1230013399
0.4028920699
7.8516312955
7.0609221701
9.7280926005
1.9802354758
3.2044940108
11.1575220337
17.5815321806
10.7066203073
1.8696494360
11.2852218871
5.5279893120
4.1258165009
1.6271055965
6.3207737595
21.3016365202
1.2999415319
1.4099904136
14.6101237149
10.1750371211
6.2424987286
1.0248799057
5.3404132813
1.7320440874
9.1300188947
1.1362218249
1.8992658088
3.2044940108
3.5070851303
3.9746360328
7.1820074443
1.9396858558
7.7103154910
1.8912313433
4.3851322063
11.4455533378
10.1379862604
2.7860165416
0.6283007251
6.9267065467
0.8742681048
22.9855046687
1.2820054106
0.4028920699
1.7228807409
1.6271055965
5.7406891144
9.4601850645
6.0919735673
20.7376429124
10.1451587916
11.3603128410
8.9121113595
12.9057801211
3.8711445235
4.8823187613
23.8424304840
8.3762430939
9.1806026295
4.8251718933
5.4925954520
0.3720174016
2.6805866047
7.3375882578
3.1728360830
9.6602280827
7.1965293873
5.9641198142
7.0995509239
1.9694780249
7.9641116927
0.3720174016
1.3440068493
10.8011703111
4.9912220897
5.2490449968
3.8009446340
4.6972806331
8.6090556127
4.3804389680
22.7904642409
10.9889908257
3.7147490234
0.8845218654
16.3853488372
2.3687211512
3.3041480018
5.5857481193
17.3572871573
8.8895300334
7.0301782112
4.2825887310
0.0606139254
7.4823604364
2.3275621249
1.8380210098
1.3898937493
3.0249274652
12.0681408681
0.8035135767
1.0457888583
1.6548615165
4.1790067159
5.7019670767
5.0774965947
5.7942785831
4.3757736902
2.0416986115
7.8450365622
3.0346045198
6.1366417171
5.9592734088
3.3041480018
0.0606139254
3.5342883784
1.6594228714
4.6713639251
2.9946944858
7.9641116927
3.8711445235
3.8264717199
2.3275621249
9.8721233507
1.9439823671
2.8884653885
9.4253455177
2.2557773935
10.8397323173
4.8373531231
15.6416980967
16.7445425762
0.6164197363
8.9302872621
1.4770617789
9.2092312069
4.4443817583
6.0727016886
18.3540714341
1.8244748506
9.8052047455
1.4770617789
5.1560647965
8.0019165247
4.6573311367
5.8854483135
1.1113462720
9.4127398420
0.0176365789
0.0176365789
6.1680374023
8.7158650395
9.6841155873
3.3513850848
0.6791709054
22.9367438084
5.1785627580
2.4847976429
8.2497058329
9.1318544166
0.9921074137
0.5412211050
12.6449486135
6.6662217908
8.4160643554
8.0353656906
2.9976495800
2.5086743284
7.7886002886
15.9024527997
3.2094737246
5.4768161644
8.0122165227
6.4948292220
4.5323817076
7.4924886734
3.2231724548
13.1943687557
4.7922802722
1.1113462720
1.0926058866
3.6700585262
8.4238662417
8.0413159908
2.6097245056
0.1820167935
2.5460574034
0.9921074137
6.7487960947
3.0592465638
0.5412211050
3.1712365753
1.1272646190
8.0673565639
1.2809191021
5.9697552743
0.8631668381
10.7202572347
1.8328593063
5.0638282281
4.2229501116
3.5939628483
2.1041533064
2.0228988149
3.5070527443
1.2209406111
3.7730557312
6.2743219284
0.1820167935
0.9919962112
1.3400714061
0.8897815807
1.0187104203
4.8854043676
3.1835239025
4.4547699907
2.7050235090
4.8942584703
7.2914087645
18.4750663373
2.1770410082
7.1208599904
2.1110328627
4.3814998693
0.7467898309
0.4279239486
0.7467898309
16.3143098909
0.6486817650
1.8695795494
5.9151393934
8.6541064569
0.1378257766
16.5480973765
6.1076685710
0.0011569900
0.9617771625
0.6646336404
1.1234368752
2.8106358741
4.0610409364
9.8059016393
0.9138261310
1.7994592670
1.6766195681
0.5317208120
3.1835239025
9.0896460132
7.1681914720
5.8793286594
1.7830760750
0.0020228536
0.0020228536
7.6825256028
3.2726731279
2.0903710813
2.1110328627
12.5442160948
6.1122589034
0.9286256232
10.3783962342
0.7048659250
2.7556192767
1.8695795494
1.5696794490
3.5312830558
1.2536807542
0.9742913425
6.5599622285
6.2540223136
3.6612845066
5.7360970677
1.1854539898
2.3478587811
4.5138925525
0.0011569900
1.1251947127
7.4759602288
0.7006838946
5.8930237031
1.2995935829
1.6985527302
15.0043522785
2.4823830166
1.5868490221
6.3211501729
2.6389668112
8.9259116872
1.9019311582
2.5465760847
0.0018839336
2.1164695177
0.5552534473
2.2326471318
9.7284686670
0.6486817650
7.7838097197
2.7210263609
1.2300556586
6.6745835904
0.5696104898
4.8854043676
3.6758802061
4.3076019097
1.4555382215
0.0018839336
4.4975891557
17.5229292288
6.3472442506
2.3345409666
0.4746755624
0.8897815807
2.0353764244
2.6682358685
0.9138261310
2.1770410082
0.4279239486
0.7006838946
0.7475714905
1.6974629444
1.1234368752
2.0459663679
1.6925186433
1.5953588550
0.1378257766
0.6982473965
18.0420188557
2.0353764244
5.1493856507
1.4679056539
3.3227625088
5.9699787586
3.8045126036
2.8253275109
5.5556644169
1.7422382671
1.5113679186
3.8174375905
4.4699539524
7.2870477449
1.8896407856
3.8360232630
0.5393610165
2.3629907726
1.0530693835
7.6324632617
2.8407749733
1.9925515330
1.5643246472
1.5566856859
7.4606864388
5.0885748845
12.3077247073
3.1583020638
2.6702107095
0.9617771625
0.7399463807
2.0263334827
3.3776509984
6.7608827698
1.2683196668
2.5621210080
2.9603847614
12.8965452497
0.3951813127
4.7953763482
3.0071890437
2.6626390918
5.8346368117
0.7853991000
2.4685695060
1.7994592670
0.7475714905
1.5544906923
11.3142930110
1.7056502069
2.2503544982
1.8601915583
1.5544906923
0.2459796231
0.3765752460
2.7269883942
3.1111894884
1.4817993341
0.1990654835
0.2176191328
1.2005241858
65.3808160344
2.6919781984
22.5017559658
1.7780262955
0.6849178848
0.0456876829
5.9887428524
1.4628085150
27.1811990093
2.6085972430
0.4752349855
2.3811266663
0.6965504942
3.0009127685
0.9938089984
0.4409012772
3.3117614780
5.6816078224
26.6287593457
2.6736843512
0.0620446781
1.2947262673
1.1668157309
0.4891667853
0.4150664477
7.2040631637
2.3359580409
0.8255609669
3.1068498717
0.1191083130
1.3903010750
0.3761054993
6.5373317189
1.7325574122
0.6722269201
1.0620556750
1.0921685145
1.4813278465
0.0281809165
1.1364887936
4.8011722978
2.0517018574
0.2003920678
1.1783847204
0.4078554185
0.3293998038
3.4087351367
0.3124277273
1.0044465731
1.9936438574
0.5030420840
0.3708391409
0.0691448639
0.7788604888
0.2444839007
1.9355284980
0.7726467053
0.4608959208
0.3361101311
0.1117767363
1.5872753083
0.0702866792
2.8041977565
3.6140593862
0.1984696858
0.7442871957
2.3672360248
0.2346204283
0.0734273391
0.3552354058
0.2326774525
6.2998438152
0.6367464299
3.4275567336
0.6990173225
9.4999132035
1.3199542303
8.9508166064
2.3544003045
0.2022012590
0.8993781557
0.4590814828
0.8676941818
0.4523511004
3.1609408210
1.5242140934
1.1020150777
0.5665663430
1.2272544773
2.0522236823
3.9077519738
1.3395614679
3.0388018236
1.5538022040
0.9491441037
0.0765571784
0.9018817403
0.7682318784
2.8488895855
0.9612208150
2.4063141491
2.0374313578
0.0933637937
0.9316543351
19.4188572961
1.2732219890
0.3908818124
0.6612114543
2.3171647747
0.6226637824
10.6642108436
0.1366088632
1.3650257265
1.7588282572
1.0812317371
3.4995982985
1.1026944115
1.3105354134
5.2245181236
0.6842656080
10.0400319321
1.1888442310
5.3111961786
7.4222671750
1.0049739240
2.6503003149
1.4871504804
0.8339096527
13.3099542058
2.8166857307
1.5327756614
0.8355846668
6.5373317189
0.9191473882
2.3524318230
1.8224174812
1.9443373091
0.2001633959
3.2459167130
0.3336050657
14.8637055166
0.2031632588
0.0577908016
1.1694524689
0.9733124043
0.9148229188
3.4040454745
1.8365479181
0.9637613173
0.4378216918
1.4007039787
3.6944184279
0.6183535182
0.4901835829
2.9043352064
2.9321678875
1.0145605837
0.6708737151
1.4981637121
0.6581369949
0.3076000494
0.8755294128
0.0298375921
0.6140293975
1.8545990953
1.2446955828
0.0298375921
1.5322057893
0.8710318997
0.4590814828
0.5170839166
8.8858470523
0.5715267611
0.2325168247
0.0173089755
0.8661136637
59.4533553053
0.9765850459
0.7710052430
3.1819210830
1.0328606528
1.2292556475
0.5423454597
0.7862073639
2.8157652683
3.5622779087
2.4779486546
0.7885373734
1.9540263763
1.0864487963
1.1024076912
1.4178951628
0.7180696913
1.5550382299
0.5054717318
1.3719874156
1.9559839729
0.8155961239
0.1498900886
0.4336110804
0.7031012821
0.9390006111
1.1253195308
1.0414426433
0.8751536726
0.2560584462
0.2785382535
0.4049209260
0.9329939646
0.8706413074
1.0227126105
0.9612214218
1.2002180795
0.5598835762
0.9348462543
15.4898031357
1.0281583394
1.4516694607
1.1910924639
0.4394386523
0.0758803325
0.6278077730
0.6039811538
17.3301122694
0.9704389465
1.5740444384
2.1377635276
1.4527330653
0.1865952244
5.2450782255
9.0731756165
2.1555232317
1.1515237695
1.5340151776
1.3966340962
1.0106624323
2.6358578251
1.3532287696
3.0073048741
1.3388517621
0.3937613383
0.8552468296
27.0352803965
1.6585431449
1.3756857046
3.4986582189
0.4162683297
0.3860444894
0.7175263695
0.2325028991
0.6064385420
0.7692660821
1.8586898185
2.4886554508
0.1109575148
0.6321414156
0.4057694600
1.1432842242
0.3912305363
3.5404834667
13.8766114180
5.2689489304
0.2861988336
2.2599078341
1.1971384790
0.4571407716
0.8393730036
1.9328404835
1.1328683402
0.6621338321
1.1451336422
9.3926224664
0.5581309023
0.4641825432
0.7098820404
0.2462616064
0.1198174159
2.7993386087
0.1425335739
0.8585414245
1.6058379830
0.6541968785
5.6741893383
0.7705125591
0.8250133573
0.0355706554
0.0463270567
0.9413481510
2.9799087387
9.1880494638
8.6904448539
0.8293481831
0.9543629341
0.5289174881
2.8774378877
0.8858581189
0.0195291354
0.3831163935
0.6383543455
0.2993260904
2.8602427834
0.8518705978
0.0368287997
1.3365109812
0.4170206907
1.3101453825
2.4779216153
0.6914805097
2.0927111091
0.4306566853
1.2952738136
7.1773574035
0.7258918534
0.7696829423
0.7986649445
0.9802040176
0.4315262384
0.6491064123
0.1401660421
33.3495270495
0.9433216485
0.0499356284
2.8235532830
0.3823482683
1.2068735770
0.8216810511
1.4074282915
1.5249631138
1.9559295682
7.0207003232
3.1317674916
4.3242213668
0.3043667693
0.7206605948
6.6334889404
0.7710286039
7.5877291151
0.6948002989
0.3436195065
1.3293642703
37.4424832377
0.4230998939
2.2472218055
1.5214837232
0.9912522348
1.0459467651
3.7631293571
2.5777700556
5.8120658250
1.0469791710
1.0725548387
1.1493465113
0.4521567522
0.0187872724
1.6049752043
1.8968651738
0.6828170012
0.1921837228
1.2586757722
0.6725107867
0.5601487173
0.2396285211
0.6288320642
1.0905769947
5.1205022655
1.4563465931
2.8944735503
3.2011793271
0.7589432604
0.3781303170
12.8178635727
0.2354204849
10.0922971819
0.0195291354
0.1601635908
2.0212579674
1.3929674648
18.2776721968
43.3144937861
0.2091119978
0.2855956192
0.6465127499
0.0273573126
1.3504079250
0.1870994184
0.2100559324
1.9834434981
0.0679685588
0.3085119249
30.5712881023
1.6326917303
0.8425877350
0.5228423571
1.4599621193
2.6645764777
2.3307333584
0.9503393057
1.1207293799
1.2860945294
0.0446235882
1.2669434640
0.9517670370
1.3000726870
2.5265097579
1.2868791157
0.9084915041
1.0014218530
19.7995909091
2.9522427392
0.0823683689
0.7728261437
1.4348598136
1.0704800962
1.4777797653
0.2032255278
1.0297709194
0.0638285155
0.0406235564
0.6626250664
1.1527159296
6.8543184615
3.5339730990
2.8290559728
1.8577522512
3.9923184596
1.2951759955
2.1354647916
1.1250276758
2.7826801289
2.4269245500
0.1119736887
1.0156845451
0.8050268113
1.4057094447
0.6563421907
11.5996208159
0.9868180254
0.2119665016
0.6888282233
0.1562649996
0.2156431264
0.9066525689
0.1919618984
0.7771165766
0.1320739402
0.6661977152
0.1141677122
0.4454395444
0.5308199596
0.5656168711
1.1221227444
1.5471294854
0.2888468121
0.2133367194
0.3885241517
1.0926494930
0.7546874967
0.6330567094
0.0776650745
2.6352483235
33.5437677130
1.7989016748
2.3983164313
0.7304660590
1.1207892761
0.4606882459
0.5861000273
1.0146472780
2.7220280173
1.3237862075
1.0146963594
0.2068762839
1.0030536483
0.2417893494
0.7295801366
1.7081257071
1.3080298866
2.1493807604
1.4450182719
0.5463486732
1.2494335899
0.9354745474
0.5241453537
1.6385999353
1.3865835316
3.0608844414
2.1287916214
0.9356336940
2.0108618842
0.5467199368
0.2592497854
0.9594603818
3.1733517340
0.4600576119
26.4148984042
0.2830126887
0.9023755511
0.6834637180
1.7017762523
1.6802280111
1.3516834234
0.7085322710
0.9920774011
4.8735861779
0.9175467621
5.6123521577
1.3932891705
0.9576068028
3.5155981291
1.1524729451
1.2576185716
6.8725683539
0.3348353675
0.3715917357
7.3879053936
0.3855831721
2.2107108672
3.2948574201
0.8998687566
1.8510473835
2.5335352271
2.6723376403
1.5026510497
0.5757052606
1.5648193081
0.8135488205
0.4792720284
2.5972440831
10.5362601626
28.3179468607
0.1986466119
1.7284562423
0.0550918010
0.0840641535
0.0485165253
0.4652475894
0.3954802087
4.8155920432
0.4878273551
0.5388154217
0.0328804494
0.3626215265
0.1950035385
1.2473894614
0.9628633389
0.4971823124
1.2649157541
1.9860621085
0.6798400080
0.4418113921
0.5861039414
0.5241453537
0.9875655682
11.7667793055
0.1305048481
0.9353677300
0.8398395858
2.1563366421
0.2005346454
10.2961886225
2.4997512270
0.2712863424
1.2033768803
0.5395766387
0.3313971887
0.8541148716
4.2876778927
1.1391770023
0.1469496616
0.9878504755
1.3256050980
2.2356053508
1.9979056239
0.2095276733
0.2776061319
2.1163253132
2.3762158566
1.5329325666
0.1813471247
0.3852736273
0.0979089620
1.3755605569
0.5736863132
0.4753105997
6.5822995325
3.5337792435
3.1971469144
5.8463676888
0.9668087834
1.2508514701
0.1547576205
1.0982653907
5.8204717835
2.6349075492
8.0639654665
2.8452643540
0.0696452831
0.3816910813
0.7045016729
0.9305228648
0.0586880489
0.0586880489
0.3816910813
0.0696452831
0.9305228648
0.9409700247
2.2902151284
2.3049976088
4.8190679257
1.8938489695
0.7186855344
2.3718537127
0.7575686301
2.0235524556
1.3600431466
0.6870864351
3.8501849247
1.2450969342
2.4506169264
0.4493680307
0.0165101437
1.5915822292
0.9726272897
3.2102716527
0.0673085653
0.0976070160
1.0859169086
1.0859169086
0.8488271069
2.4321778103
0.4493680307
1.2000190349
1.5131074021
3.2773129252
0.6660749769
0.0673085653
1.7666936456
0.1677725290
0.0165101437
5.6570266207
1.7666936456
0.9726272897
0.2190408827
0.2378687788
0.1677725290
2.3066561382
2.9159119763
0.2190408827
1.8295681328
1.0285503323
0.2378687788
0.0976070160
0.6660749769
0.7525108190
1.4596664094
0.7339430297
0.6916212029
1.4198013044
1.2000190349
0.4381324558
3.2451992366
0.7509322262
1.0256613757
3.9604688763
3.7642989882
1.0726071500
0.4154131804
0.6876344824
0.6104123904
0.6117577285
2.0407411382
1.3613723303
0.3192620834
0.4154131804
1.3895488843
0.3720921632
1.4453187517
1.9400302518
0.8443719069
0.8190218537
1.7573918049
1.8257893808
1.0328090500
1.9427458617
2.9895151264
2.6930856244
2.2523632501
0.6707592892
1.7590447043
3.6960335438
4.6984711878
0.6707592892
1.7304594979
3.0262567621
0.6990092003
2.2997200145
1.7590447043
1.0701799785
4.6262261507
0.3192620834
2.2147218541
1.5813808185
1.2874306470
0.7900124844
5.0946482010
2.2147218541
2.2753020134
0.9006792625
1.0701799785
1.0951202263
1.0951202263
1.0328090500
2.9740935422
1.0012687336
2.2066907227
2.9901596843
4.8916974058
0.2428920751
2.2370801406
0.2940175091
2.7484303877
0.7194256478
0.6274256763
0.5339771787
2.4637163483
0.4373600076
3.2276478056
2.4520965285
1.1209158416
0.3935117231
1.9261735283
2.5528434644
4.4967032967
1.5427530675
0.2835900186
2.2047176046
1.0510683039
0.4908329129
0.4399966542
3.1642383698
5.5893681721
3.4733689493
0.2835900186
1.3570691434
0.5659475899
0.5339771787
0.4399966542
1.5548537913
2.7617084433
0.3623173094
2.9901596843
2.1433572478
4.4599947706
2.8999754038
0.4373600076
2.3857550211
8.0344771901
2.0251884995
0.4930865299
1.5548537913
0.3935117231
0.6303234501
0.4908329129
3.1642383698
1.8335971160
0.5641700405
0.5993746968
0.7602466960
6.9125702884
0.5659475899
0.2428920751
0.8656546490
0.2940175091
3.6795612009
4.0009169884
1.7491088278
1.1037703090
3.0719685812
0.1514862352
1.6232163033
2.0679957582
3.5892658228
1.7450736362
5.5988120492
5.6625850340
3.9850212601
0.6812145634
0.9755377478
0.9599407742
1.1640099185
3.3105425979
0.7880082171
0.1884233193
0.2184762016
2.6115677997
2.8703383802
3.1369035216
1.1298319512
0.0337694380
2.9530705575
1.1037703090
0.7880082171
0.4578096527
0.6118401495
2.2601559096
0.0218052748
5.2932852230
3.2645094655
2.0690806559
7.5795374912
0.2834949750
0.9599407742
0.1219737502
0.2184762016
3.2645094655
0.9296448548
3.4449097473
2.2602949728
1.1382714083
5.6418875989
0.2834949750
2.5628369656
0.4578096527
0.6812145634
0.6260243931
3.1236162362
4.0707151418
3.5493416074
0.6369348927
0.9065565307
0.9952175818
0.8155612245
0.1884233193
0.1514862352
0.0337694380
0.0218052748
0.1219737502
0.2643371001
0.2643371001
2.6580071975
1.1382714083
0.2023485510
1.0772935510
0.6728884193
0.8765926728
0.2023485510
0.5246656176
5.4409204800
4.3979642502
0.0746707980
3.6712947838
1.8413121764
0.3871525819
0.1534194033
0.2699036141
0.3669037990
4.4897451161
0.7537379068
0.2664527410
2.6329216770
0.0897244141
0.3630117268
0.4554910428
7.0644526817
1.1568606570
0.1192311982
1.1381638164
0.9402993536
1.2901446350
0.0170725820
2.8080458801
0.9075081042
0.1435871523
2.5110960986
1.8413121764
0.8747389307
2.2938364567
0.1534194033
0.8845851438
3.6350436816
6.4686395181
0.6566284602
0.6699963546
1.8060504437
0.0897244141
2.4352982077
1.2473269336
0.3984255964
4.2183974267
2.9612815171
0.3632798652
1.0443988841
2.3008453910
0.6699963546
0.7526894502
0.0593942648
1.0217864924
0.0304969801
0.3171088039
0.2664527410
0.9922812316
0.3669037990
4.1883173496
1.4236508233
0.8212297819
0.9802172747
6.1415343915
0.6789845399
1.4236508233
0.0746707980
0.6789845399
0.6864905862
0.2861520981
0.1435871523
0.6791420632
0.2699036141
0.3613220188
0.0170725820
0.6808763220
0.9402993536
0.1192311982
0.0304969801
0.7380026379
0.6387591040
0.3632798652
1.4772792741
0.3171088039
0.0593942648
0.3984255964
2.2870546641
0.7830281324
0.2861520981
0.4554910428
0.3630117268
0.0374507456
3.5841812459
3.0947697654
0.4213946513
5.4847606842
3.8002587741
0.9183521281
2.2099263954
0.0755220141
0.1458069256
3.0485127479
1.5575657895
0.3693217110
0.9138439799
0.4090228185
1.2497594171
2.3584828526
0.6162877390
2.5987612422
0.0968176840
4.7849272807
4.7259974760
0.1458069256
5.1567707690
2.3447622805
0.3795800579
2.6341605273
2.0681280555
0.6162877390
0.2722665140
0.9751561715
0.6070645640
3.7000293226
0.3169585346
1.5475392485
0.4328823253
2.0548048048
3.4515627842
0.0148356645
2.2041762389
3.2795560636
3.8565640595
2.6752649107
0.0389373784
0.1949110746
1.3522683211
1.2298443471
0.5902050468
1.6678352646
5.2599388379
0.2803313221
0.7940382886
0.2013062744
0.2442568011
8.1240356083
2.4391012832
1.4580947610
1.0094148825
0.9235288632
0.4090228185
0.9579391020
1.2998135024
0.9183521281
2.8549967342
1.3485680493
0.3693217110
3.4515627842
0.6260609291
3.0144411283
0.3169585346
5.9445125979
0.0755220141
1.5900416129
0.5902050468
1.3824908425
0.8789195637
1.9518331362
0.7129632876
2.1263948062
0.0968176840
0.0374507456
2.2677757240
0.4580168629
1.1891612432
1.4834913688
0.0389373784
0.2013062744
0.3795800579
0.2722665140
1.0522472941
0.4457808753
1.3764617441
0.5774370045
0.6060547924
1.2193864398
0.0148356645
0.1949110746
0.2442568011
0.5047398104
0.2803313221
2.4380389083
3.3346560847
1.9526997526
8.4580986516
7.6959162695
0.0248711810
0.0248711810
7.6534700019
6.3297392841
5.5115118446
1.0253907739
2.3655261668
1.9737124190
4.2996156534
0.6716693734
1.1470517061
1.4682964889
3.8065625581
2.1343795978
4.6353616089
3.4334761992
1.1368291295
0.8478324761
0.4995598204
4.9393700270
1.4758124229
3.7955446699
4.4013457667
2.6334043091
1.8825310100
3.5120877362
0.8329081633
3.4848365357
1.4590820584
3.8813704831
2.2574988463
2.5947494442
1.7835701771
0.5529416056
4.1739750204
1.1428879776
2.0612661910
3.7533583255
2.0169568280
2.8370190579
1.3876858022
2.5939305302
0.9904033380
0.9476945180
3.8413196069
1.6048951049
0.5337118524
4.1590736012
5.2076478680
1.0161511750
4.9796876984
1.2595902538
1.7087225742
1.3619282027
5.9371333594
7.0371090299
5.8478687238
2.0539391456
1.2853634755
1.0030112708
0.7412610619
4.7291182068
0.9992868671
6.9575679172
3.3130334487
3.1933930061
2.3258782155
3.1775165106
2.6660683515
2.8902926516
5.5373809361
1.1900327466
3.1809211661
2.8283365896
5.8252933507
2.5574552532
1.0672806344
0.4392177969
3.3734528211
3.5928649835
1.0983790793
2.2945004881
1.9889585411
0.8638150585
0.4570214669
1.1552366246
1.5526559764
0.6598707945
4.2323435406
7.2688000000
7.4312920090
0.5678405867
3.9791614361
1.0795614564
0.8431800577
1.3071256943
2.2855600540
0.5642040853
2.1595420444
1.2299144545
7.2773536896
1.8302812522
1.9329677026
5.9096559378
4.7400449583
2.1454664308
3.5216716932
1.7053561748
3.4823296908
0.7382011538
3.7657519318
3.2693706189
2.1023602788
2.7660497920
2.6258987418
3.9481891097
2.2320773591
2.3652321631
2.4577777778
1.1322868495
8.0304431923
5.2132795123
2.2040023090
1.8320351825
6.9798402434
3.2987571702
4.1633134313
2.3055090456
5.1014696486
4.6946978335
2.0757949384
2.2440434653
0.6102357587
1.3100609387
3.1861896388
1.5496385667
2.2341030648
0.8621661464
1.0587389297
0.8459441538
7.4817918396
3.8495770817
2.2160989131
2.7073345544
2.6814147992
4.5697853836
2.2329836691
0.8586879433
2.2666144782
1.1729171735
2.4923925647
2.1161709104
2.6859682493
5.1457110125
3.7709614698
1.9784248842
6.2043930783
3.3647100508
5.3826211929
3.6833989871
1.0111906149
7.3772041447
0.3826936258
6.5536559520
3.4728120145
1.9122931185
2.9308558439
4.0277451972
2.9143870660
9.3194207836
1.7439492223
4.7808504801
5.0545685279
2.4157586219
0.6649981398
1.8942381562
0.9288561330
1.0909277168
1.4805827963
1.7533842166
5.2455980175
2.0275808937
0.5217847376
3.3873611364
1.5308004739
0.5408787412
1.1791016459
1.7624566061
0.9922772650
0.9810086324
7.9121383204
2.2268993005
0.9530609711
2.5190707824
3.6768909359
3.8543105768
2.7854175873
3.1252194522
2.5106335597
0.6374651033
1.3884841832
2.4681344838
1.9572054833
4.1149333758
0.3865844098
2.1959320484
1.0812545926
3.8366348171
4.7163240258
6.9539233577
0.9145794728
1.6491339728
3.8924954240
2.0282778681
2.6863138804
4.2366640441
5.4591613672
1.0889185581
4.5430616972
1.6064788411
4.0000000000
1.6600474334
5.1324200913
3.7552246340
0.6638221154
3.6715779652
3.5379051250
8.7014157014
4.2383265503
2.5096912640
1.1775696278
2.4244406752
1.5637675750
0.3575861569
1.5663545480
3.6985001027
4.7366937080
2.2494588056
3.3144544486
2.7829402836
1.7002579536
7.7567588564
2.2005562423
2.0282778681
3.5300036966
3.7943484160
4.8016769535
5.6610304356
3.8489286683
0.4242445102
5.6015270326
2.3531825391
2.7171437761
2.0047382671
1.6798912582
1.7531356388
0.8807038070
3.4406509818
0.8023399015
2.6781032472
1.3880186689
4.3441060904
2.5408263508
1.4142846857
2.0843373494
2.9426832557
2.3855678744
0.3865844098
3.7872882360
6.1422133570
1.2403134523
3.0459662750
4.9927151230
0.5532606815
6.2553666016
0.6275580729
0.8823704764
0.9300098135
1.4201775222
2.5970498229
1.5415794979
1.0885901529
0.3805443548
1.5855475040
8.5706557224
2.8301323267
2.8024149286
0.2557920112
2.3702423878
4.5968248808
3.3855421687
2.1512644952
2.9901444439
1.4103684287
0.9090595102
4.0717314083
2.2001511892
6.7235039918
1.6272103934
6.6184108226
6.2974708324
0.2557920112
6.9621830370
4.1242949512
1.7413709872
3.5858706298
4.4751123596
0.3575861569
3.3012690109
3.0616495035
1.6202024251
8.4907210516
0.8736830866
2.3099421508
3.1544300929
3.1722820898
3.7885821321
2.5367328164
0.4944589196
5.1519066591
3.1018095412
1.7551066471
3.2385708929
1.7333224263
1.9209987720
2.8616533865
2.3718283056
2.0867881846
4.1804686911
0.7922543178
4.4649871258
2.1395455139
3.5876101407
5.2391851548
1.5549905838
6.5972710952
2.2538489921
2.9149189521
1.5107801418
2.1902453917
2.0902965704
1.8515728074
2.0871160410
3.9886416319
3.3352945983
3.7178975383
4.7204323141
1.1957396365
2.9737550153
2.6270548899
1.7891799055
4.7915319974
0.5148792585
0.9306469298
0.6532516769
2.2572903509
0.0685886330
0.7142857143
4.6687355658
2.3373625451
1.4727039611
2.8664141557
5.3285179706
2.6423237447
3.5212653522
5.5657313364
0.7455872595
1.2821254707
4.3739249004
2.0850974237
0.8650774845
2.6423237447
1.2321774715
3.9279581323
5.6378685273
6.3414907652
2.5114951456
2.9171328955
3.2990852298
4.3508873114
2.7902100554
3.2168073136
0.5110334185
7.4464845499
0.5110334185
4.6179081762
3.4695609993
0.7279265068
2.1733440423
2.4254875841
1.0111357501
0.1871623615
7.4574484576
1.4661905204
3.3636860317
2.6272294887
2.4681098696
0.1871623615
5.1883089770
0.9237835999
0.9998667200
5.3880282492
0.6175925545
0.8596317124
2.4416536276
1.3481799090
0.7353281468
1.7700089773
2.5805352394
0.7361380877
5.6876891673
2.4804623957
4.5929173502
0.3069977651
3.1946054830
1.1441110089
3.5371309482
0.5707073207
0.8740941308
3.1397843916
1.6043218166
2.2479452914
1.7377532228
0.3069977651
4.1395557232
1.5032042504
3.8163008912
1.7260738508
0.5026612812
5.5702323387
1.6798855851
0.6566262920
2.9028645622
0.0685886330
2.8971600314
2.8603468777
3.3581534397
2.8590316371
2.9500541819
0.7779479326
6.5714285714
2.9946923409
1.7929737378
4.6497937758
5.1517733182
1.8755114693
2.9013361612
3.2423433549
4.7579384637
1.3053225619
4.3988972172
2.8787025113
2.2393875336
3.5921920142
0.5755097008
3.4773522065
2.0143650725
2.5764828666
2.3664765784
6.6836462957
1.2624407187
4.6622643011
1.6156634304
6.5978934851
2.1250456238
2.3996038623
1.4860484282
0.9046364352
4.2628434301
1.0237470614
3.1640659527
2.0395973713
4.9114985234
1.1365364243
3.9509332667
0.9443744011
2.7885441351
3.3508941000
5.6674852652
2.3904569892
3.9668625948
3.5454545455
0.4763007240
3.3528118878
1.4611228768
0.7956302689
1.4892110214
1.7412707499
5.5004129501
0.9046364352
1.4042572423
3.0591715976
4.3199773200
6.7246937460
3.5296840558
5.9089818923
1.4606267662
1.4901770736
7.8955624528
0.9372496662
0.6776427752
0.9585258608
4.0820324944
0.4779274611
5.0594184576
5.2135394902
1.5070978464
2.0010899374
2.9452009299
0.7511769121
4.2990878098
1.1107867318
1.3085992469
2.6076160043
1.1093231875
1.0551855882
2.7793645428
5.8864320373
2.9102857712
2.6349200201
1.6960071580
5.0612360746
2.8475275958
3.7635393762
1.4281746032
2.0898116547
3.4813429346
1.5332361843
2.1088686343
0.5202608879
4.7343181037
3.2080968596
1.3427914751
5.3743463793
9.7469712016
2.3737289316
3.8657133062
3.2159676949
4.9363939658
3.5069143370
1.5104449428
1.2996011964
2.9181541967
0.5566772692
1.3925225999
2.0379803578
3.8090524353
2.1325225414
1.6474511672
1.4768894441
2.3208142417
3.9748087330
5.2246496290
1.3193740432
2.7442977191
2.1136828407
1.2895003856
0.9661876585
0.7505274262
0.9114428878
1.2057530509
3.2718969801
2.3054697839
3.3300519256
0.8284480662
7.6670910872
0.7745781300
3.3315784526
1.5591233072
2.5001954397
1.9012219959
6.0213953488
3.5622406639
1.5615091170
2.7151533789
0.8457566308
3.4850879747
3.0960158546
1.3092134433
2.6416359501
2.6801210898
3.1699248844
0.9681240023
4.1642891630
1.0551855882
2.8161459274
3.6286764706
3.1788767311
3.1833657177
1.1444967763
2.2691262456
2.7796776971
1.8827179063
3.5458671587
3.5101082295
3.0252337955
5.4486462882
0.5282139261
0.9374728850
2.4374177044
3.9317811147
0.7590162471
3.1749856804
5.8753688352
3.0150415569
3.3042104584
5.6673237401
0.9107403904
0.6200154534
0.7925188020
0.8167763502
2.6608610840
1.4863131936
2.3916787680
2.2562777895
0.8228392063
2.5802787499
0.5387176197
1.7176364577
3.6373210910
4.7208355941
5.0032171230
2.0287172350
4.5845111326
3.1534190355
2.3239052133
2.9979938114
5.0915940543
1.0914642360
3.3833004072
3.2335128665
3.1435962090
2.2984311286
2.0385868301
3.8537419022
3.3877452698
2.9699425523
1.7468030691
4.1234110700
8.6644245831
0.9278462051
1.0498298760
5.8258790870
2.6313337949
6.5005269444
1.1518933703
1.4030334983
2.9071531658
1.2054352314
6.4410011093
7.9662661326
1.8958758837
3.4711334402
1.2828293113
2.3006123755
4.7839048982
1.7176364577
8.4170669681
4.1882327399
1.2334006734
0.1272758973
0.5231490924
3.4807405196
4.8374146631
2.8823886289
5.9240889438
3.7945276821
3.3476090092
0.7932540367
2.6977653417
3.4087390647
4.9495503265
6.2204445145
2.1723552570
3.9169441821
1.0349703512
3.3612645210
5.1778923407
3.3899743055
6.0475836933
2.5293976482
1.2917513206
3.6029169783
0.9870655911
2.4409576002
3.1952657942
4.5783220175
5.6778171852
5.7324878049
1.7892586106
5.0105008078
1.1228287414
1.5758059832
1.0791313494
3.7605426535
0.9357585139
4.6435628667
2.1515990020
2.6362031095
2.4007444169
6.0931708132
0.7060248376
1.0545332887
6.7048670062
1.7034947978
1.0115399610
2.9448221541
2.8145319050
1.1593506767
1.5504899618
2.8238790893
0.5773711340
2.4180560187
4.7703076237
3.7773460652
1.6749966169
1.2798185117
3.3803482783
1.1431078256
0.9100302419
0.9712323177
1.0419757759
2.4050581934
0.1272758973
2.2113110958
3.1759074387
0.9873818673
2.3664702687
0.9647097030
2.3073467967
2.8318335752
2.6741912367
4.2804274173
0.6421128650
0.5968879164
6.4811434232
4.9475172847
1.3173323990
0.6486625691
0.5569835112
3.5354206199
4.9541002777
4.3098116218
5.4970884482
1.2660498489
3.8561803413
5.7153013144
2.2003855179
0.5470852018
2.6037541254
0.5694690265
1.1381225586
2.4863095953
2.3768757078
6.6846069067
5.3168430083
4.3592228234
2.8659907098
0.9428442506
3.0674622212
1.5078201903
3.4276127281
1.1350658168
2.7420834687
2.7521076524
3.6183302985
3.5669758813
3.1807685027
3.6744722706
1.2798185117
0.4623165208
1.9676960492
0.4021667521
2.1629973266
4.9743444766
2.6333438928
6.1523912191
1.7502413307
0.7373117187
3.3994091165
4.1861772976
1.0878567697
6.7462522233
1.3326090271
1.3314626447
1.7717314488
1.0969563300
7.1440961786
2.4066857944
1.3842396919
0.8449841857
1.1814847195
0.1128676245
0.6245981815
0.7918703847
2.0262660635
0.0969187868
1.3020782811
2.0282474269
0.2555684682
2.5942693935
1.6282675150
3.0718922293
0.3650110217
0.4940804546
0.9911950795
0.7460170985
0.7527932197
2.8462794135
0.6981649084
2.6332129622
0.5703409285
0.4165134671
3.5580945419
0.0961743730
1.5154780541
8.5545016240
0.6751378471
2.5729344147
0.2501264949
0.4332883079
0.5057534862
0.7204516863
1.1065651555
0.4109618777
0.2441323596
0.4921070814
1.2504699587
0.7133664538
1.1233907715
0.8548442254
0.4569500232
1.7165881503
3.7054466727
1.1233907715
0.7747359188
0.2139458605
0.1046556999
3.6609579877
0.2530377861
3.1874257502
0.9787059509
0.0192841613
0.4061419685
0.1412065819
1.4211790441
0.0957117457
0.0818934501
0.0564569556
3.1562064993
2.9920190339
0.5155574179
0.2681764764
1.0810166850
0.4754719230
1.8953990213
0.1990795772
0.1144785952
0.5331058978
0.2467747351
1.7923242536
0.0176233238
0.6815804518
0.1520326587
0.0434587862
0.1304528919
0.4485543384
1.1857348356
1.7923242536
0.4871544521
2.0002342884
0.3782927798
0.7402730841
0.3555115368
0.2019972175
0.2393521942
0.8415730047
0.2728030285
0.7748296904
1.4593850847
0.0444766628
3.1210987761
0.2571456418
0.0970559731
0.4935944725
0.1090399886
0.5182022507
0.2370485237
0.6566122228
0.8404568897
0.1228166607
1.3416874352
0.2849462366
4.8631502792
0.2592336236
0.4049287829
0.6728774752
2.2964029414
0.7145735042
0.0889526760
0.2147888436
0.6808991400
0.1945842019
0.5179451647
1.0291721657
0.1766326909
0.0594191314
0.3756369574
0.4690512163
1.8621403809
0.2606362859
0.2157149556
0.3373447585
0.4623548738
0.1128676245
0.3532108824
0.0359395160
0.1253405168
1.0304155541
4.2485547064
0.2590629588
0.0732855618
0.1892345268
0.1517219099
0.1936935854
0.2935555470
0.1283880216
0.2843840186
0.2975346566
1.4211790441
0.4463765085
0.4614846169
0.9088770264
0.2343386497
0.0482327275
0.1910818603
0.2626892308
0.1518274166
0.0397331773
0.1868263578
0.6210372587
0.1245416945
0.1907932792
0.0957892284
0.2722553119
0.1240094388
0.1299051105
1.1885900364
0.0797556596
0.6247015233
0.2019972175
1.6930275478
0.3061961399
0.2686070848
0.8581976158
0.0992882320
0.0564266142
11.5225144092
5.2610937319
0.1989879027
0.2503728259
0.1476188103
1.3781617385
0.2657125875
0.2431435919
0.0167564081
0.0589266247
0.0818934501
0.0767130354
0.6981649084
0.4919093373
0.9088770264
0.1309142076
0.2051782632
0.4042740519
0.2254393226
0.7452545977
0.3895460722
0.1880772963
0.4144932697
0.1158970870
0.0643237614
0.1450743483
0.0567124310
0.0778228781
0.5573897539
0.5536067264
7.0601031783
0.2187196016
0.1635145289
1.2108565005
0.0526488556
0.3533847827
0.3364408562
0.6845996971
2.0835893395
0.3030252750
2.3142537916
0.9604395921
0.8205331454
0.8807032800
3.7527441567
1.1449544963
0.4285332783
0.2761707645
1.6849097776
0.7821891228
0.0746041859
1.0534675586
0.2890131624
1.2171446061
1.3493686679
0.0879423859
1.6739647787
3.4641294567
0.4601548589
1.8034928006
0.3709185564
0.1722258446
1.1421475200
0.2346241982
22.8608301070
0.6495502823
1.6716074789
0.4288621306
26.1487487852
2.0835893395
0.1045838100
0.2051080666
0.3497990654
0.0998602163
22.3293220827
1.4036356676
0.9900735576
1.8809504412
1.4457685579
1.4651970094
0.4356715768
0.6446921632
0.6727239855
0.8669761381
0.6845996971
0.1441618727
0.3822488919
1.0758294640
0.7149980589
1.0696020899
0.1199858832
0.6208889891
0.0455307557
0.0482048359
0.1363237705
4.5901421865
1.2734168972
0.4011082577
0.0526488556
0.2499460522
0.6088437149
2.2106108822
0.1268724977
0.3485433436
0.5683064720
0.7331513011
1.7627455922
0.1080700049
0.0746915148
0.8500267423
0.4097638196
1.0226929224
0.4601548589
0.5375256953
2.6411101338
0.0391874352
2.6190137968
0.1762425638
1.8440303956
0.6494812880
0.2438449960
0.1279597300
0.7442646084
0.7471630549
0.5620976744
0.1067218441
0.7649862848
0.9992213019
0.3041587955
0.0619373639
0.1942073827
0.0377986396
0.2817257453
9.4215017395
0.4116379660
0.0194618364
0.1237138824
0.0752228345
2.6646213138
0.2984173689
0.0324185114
0.1391581039
0.8238505713
0.1314769267
0.2269330902
0.1009632588
3.1151705363
0.7841420786
0.1588298010
1.5599745963
0.1802883972
0.2358418286
0.4434116065
0.8367604074
0.6367869480
0.0684001563
1.1596009419
0.2994243316
0.4876823548
0.2449394904
0.1620042406
0.1208458025
0.2709891522
0.4966573753
0.1060316957
1.4670291916
0.0804249814
9.1991561494
0.0503847616
0.4169901684
0.1006887927
1.2576827034
0.8631692448
0.4062127515
0.1327771972
0.1642654219
0.6526560901
0.7074227496
0.0614230222
0.1530970684
1.8414049823
0.8533579695
0.2821067634
1.0061159427
0.4918151705
0.0845202171
0.5668263017
0.0151039708
0.2999654750
0.4201333221
0.2281471919
0.0260637368
0.0460214619
1.0600525389
0.1098815315
0.6652426944
0.0199666406
0.0659286483
1.3885281058
0.1171339836
0.2340262641
0.4852480840
0.9922856227
0.4230171157
0.6256571457
3.8061856121
0.3533847827
0.3126030168
0.1289688118
0.3723019521
0.5639177151
0.1467137210
0.5594658013
0.2135335600
0.1642654219
1.0382762090
0.1191628299
0.3858110019
0.1722258446
0.0429069417
1.2329942854
0.9132103545
0.1479392684
0.2761707645
1.2682941543
0.2322887241
0.7415150069
0.0896612191
0.0666854931
0.0834275864
0.1005268107
0.1024034581
0.0240575466
2.8211245203
0.1428505657
5.3375864494
0.7791115877
0.2568537592
0.7375812605
3.8261799957
0.4368841313
1.7093242398
1.0106566687
2.1594099614
0.2303621309
1.5949654370
0.9364774546
0.3221389684
0.1084100721
0.3190765982
0.8909215232
0.0601022771
0.5061683264
0.4413331478
1.0101527624
1.0505398947
1.3167077414
0.8415888600
4.1967943659
0.5812185435
0.0392113111
1.5241335758
8.5634920635
0.4454450782
3.4453846114
0.0544561642
0.1283617566
0.0216202317
4.2251188784
0.2139202348
0.5572223522
1.5128210275
1.3424250986
0.6274077744
3.2752552996
0.9015917124
0.0566770808
0.7366764299
0.2557337371
0.2174717347
0.7013590250
0.4910055777
0.8056128112
0.3330882073
0.2826055181
0.8771291979
0.8300380038
0.0497413005
0.6726368421
0.3235300845
0.4220886385
0.3237133853
0.2514411084
0.1708342363
0.3648150455
0.1080587535
0.3095007503
0.2677644979
2.5969243808
0.2716503643
0.0984880532
1.4403266060
0.1030995724
2.8211245203
0.2488481136
1.0798197988
0.8853170474
0.2576983963
0.3235816578
1.8743649050
0.8067605678
0.0205400385
1.1170800078
0.2667259996
0.2897219212
1.0908242538
0.5502252570
0.0734646000
0.3470102075
2.3362114502
0.4708289653
2.2000948875
1.5935723115
1.2179110531
1.7731485909
0.1125266455
0.2613521017
0.4886092628
0.4687783033
2.1200716450
0.0216996524
0.6151436031
0.1130071990
0.4554274421
0.7148408237
0.3597131687
0.1026777084
0.1512233048
0.5019408674
0.3475333811
0.0603638092
0.4870822533
0.0603638092
2.0944017516
0.0569440519
0.1071550308
0.5763482805
1.1097293117
0.1867773196
0.3078607848
2.8141411193
1.0191518350
0.1939713972
0.2303621309
1.4237832179
0.2794253064
0.7225289027
0.6171583271
0.6669101300
0.3806393312
0.0857821124
0.1981712286
0.3529851984
0.1664812041
0.4444768805
1.3674680175
2.6293250179
1.6352774592
0.0652220872
0.3977973283
0.3945311161
0.3321852168
0.3718878381
0.1227840772
9.7746722314
0.8553574456
0.0832522388
0.5381864033
0.9098937053
0.1546506023
0.4386698829
0.0651854823
0.2020567080
0.1137239795
0.2638649368
0.6689503115
5.3375864494
6.8665508382
0.6603145236
0.3381135570
0.6828654180
0.0849410398
0.2319490502
0.0739929045
0.2820011933
0.1163111843
0.0796808709
0.3150526477
0.5763482805
5.7783624181
0.1604898375
0.2696876775
0.2680398943
0.1369548648
0.1662677362
0.6061386042
0.3732871879
0.2812800601
0.6986548933
0.2338635626
0.3192812582
0.3626636577
0.3786765776
0.2869749949
0.2261447931
0.4009927471
0.4274602045
0.3357569535
0.7375812605
0.2107643059
0.0984880532
0.2995004042
0.0680576702
0.6899931674
0.1158320470
2.1594099614
0.0223263304
0.0342568028
0.1484705746
0.3114547610
0.1835905784
0.1321560120
0.4525138681
5.6404875978
4.6422128304
5.9767441860
1.6622669736
2.6118354282
0.4693892617
5.1238070449
0.8436287193
1.0439164103
0.9863048831
1.6622669736
0.4693892617
2.2444386423
0.7623248882
2.6105559654
3.0616045845
1.6248903509
6.0654690366
0.0351659036
5.7006204351
0.2897985841
1.1755276446
0.0351659036
0.8779197821
0.8779197821
4.3462480660
0.2897985841
1.1755276446
1.0672074264
3.4172373990
1.0672074264
0.0717984756
3.9399316949
0.0717984756
1.8219466050
1.3146687093
0.0330356372
4.0710355669
0.2348746766
0.6475425759
0.2348746766
0.0330356372
4.6322585299
0.9088999580
0.0069136564
3.2249760063
0.8475358610
2.0165295731
1.8471722785
2.1983195032
0.0069136564
2.3797744891
0.9841180264
0.8475358610
1.5435189367
4.3461286626
0.7624807719
0.5474523432
1.0293006993
0.7437156032
1.1419942723
2.7967069379
2.7377034756
2.5276592995
3.6039945035
2.0005541562
3.6039945035
0.5912961211
0.0873601556
0.5496758475
0.0465917898
4.9099512475
0.5760368664
1.7779072957
0.0523043077
0.0873601556
0.5496758475
0.2416180037
2.1535433071
0.0907675763
4.8023677354
0.0465917898
3.2899454404
0.9782576322
0.6529137410
0.9944285814
0.6853070175
0.6595435958
0.0907675763
0.2416180037
0.0054512171
0.9654436141
0.0054512171
0.0523043077
0.0627561630
3.0002568493
1.9341867167
4.0062302114
0.0627561630
2.3405574695
4.8747875354
0.7602907261
2.6048601443
4.0006576063
1.9493087558
5.4847128442
0.3238526430
1.5084444444
0.1010782783
0.5609869717
0.5609869717
1.1046731693
1.1203712563
0.3238526430
1.0208729655
0.1010782783
0.6453978159
2.4735427105
3.0285671440
1.3333562350
7.5474137931
1.0558932619
1.7962077881
4.9231669747
3.4229028365
1.9050547860
1.4861845267
1.3032816244
1.1231552925
1.3915177319
3.1741309725
1.6609009948
2.4874791319
1.3032816244
5.5084651679
4.0809592950
3.4358279903
1.6243779566
1.3915177319
3.2781975931
0.6800000000
1.6609009948
0.6115455261
3.0405755396
5.7888356870
6.2216530316
2.2400022690
1.9627118644
1.8669497903
5.8110584715
3.6786903754
1.4618590324
2.1876489953
0.8014431892
5.6324378972
1.9456022997
8.3373162555
1.2600781901
3.3232210686
4.9668180442
2.5003855959
7.7426821508
2.4591384106
7.9525338424
1.6392035075
3.6466432866
2.5003855959
3.5864541161
0.7853353681
3.2867671469
0.9736247174
1.3336589337
5.5475027902
4.4896012986
3.2029994644
4.1434599156
3.6607293364
1.3186090226
2.1303788788
5.1528394133
2.9294653639
0.1461970012
4.4237920196
0.1461970012
5.3270113354
3.2321455998
1.0437007411
3.2003942586
4.6289760713
3.6747988750
1.0958201658
1.7667956989
3.3335571596
0.7747018344
0.7747018344
8.1036184211
1.1584037959
2.8313928648
2.5530067803
5.1256162306
4.6289760713
5.0838199931
3.1940170940
4.4798682739
2.6881534045
0.2136951314
4.5980782991
0.5042719738
4.4692395414
1.0832279658
0.2136951314
2.1428571429
1.3878315448
1.5041260873
5.7239356670
2.7410507436
6.6582861457
3.2331795257
0.5042719738
2.2306848254
1.1496585615
1.2859019707
2.9543497758
5.1898422470
2.1482462550
2.0296153846
3.4735723187
3.8014391056
3.0299569767
3.2857403023
1.2481244182
1.1114877554
0.6703581267
0.5899008966
3.3523579675
1.1114877554
1.3243868579
2.6205863808
1.6947268296
2.3386259237
4.5140612878
4.6681925650
1.6572844116
4.0791425378
1.0098524631
1.0268307330
2.1782463417
1.9973537732
0.4298586389
2.9274664481
2.3837703756
4.9787445090
2.9755098629
5.5872844828
0.5806837025
0.2462665354
0.5806837025
6.9111699779
0.6876883341
0.4298586389
0.6980315510
2.2057373872
2.6370779004
1.6363904236
1.1274872513
0.2462665354
1.0268307330
0.7354031229
0.5846585594
3.3681531566
2.4221762626
1.2103321033
5.5119129702
0.1968647298
0.7630014110
1.2947536346
3.0072690560
4.0342371324
1.2947536346
3.1790902919
4.2899383290
0.2883856141
1.9087441925
1.1590049751
7.1503536766
0.2883856141
0.4391914636
1.4104789194
2.2852611390
0.4391914636
7.4682628542
0.1968647298
5.9693674661
3.5761589404
0.9663816503
0.0236749385
0.8667206259
1.5953072950
0.0236749385
0.9663816503
3.0676313692
0.4345102168
0.6551919611
0.5942485358
1.5953072950
0.4345102168
0.6551919611
0.5942485358
0.5851375073
0.4598027693
7.9772036474
2.9050360516
4.5823162463
1.7366854118
1.2119565217
4.2329329329
4.2647904684
1.3153289077
3.6843676246
0.4598027693
1.1788637752
1.9878259504
1.2332260251
4.0700104493
1.1044968530
1.2348827643
1.3295611372
8.6202670387
6.6414786366
0.6979616631
2.6304529700
0.8721065779
0.6996753247
0.7825144900
1.4880796437
1.3801471629
1.4014912170
2.3182438193
1.2887060961
0.2219125299
2.2436822011
2.0479702867
5.4392528607
3.0897125714
5.1889588378
0.3719527918
1.0268875881
5.2597025331
0.5343131077
0.2381254301
1.6833084091
6.6335479498
0.2219125299
0.3719527918
1.1321727117
0.9394081729
0.5343131077
5.1559655298
5.5499807618
0.2381254301
1.1321727117
1.3049751542
4.2018667525
4.0939941599
0.8088677751
0.8641707130
1.1821661145
1.6932351369
3.1753387534
3.8252632113
0.5368606702
3.8252632113
6.5198915009
1.0570128739
1.4613800937
0.5368606702
0.4455789022
5.2562324930
4.7031774735
0.4455789022
1.4400235202
1.0412189979
8.2109141791
5.2644332883
3.5013680991
5.0969713250
4.4336461126
0.0447986784
4.6395183699
0.0576014889
0.6328333178
1.9959726444
1.4824256797
1.5067532274
2.3332467667
4.3626331224
0.6328333178
2.4278732727
3.5333904110
0.6575918985
0.9191176673
4.2035969949
1.2560176564
0.0447986784
2.3329220011
4.2035969949
0.6667111141
0.7413666911
0.0576014889
1.1298774741
0.9191176673
1.5636729762
3.2012415934
0.9192804890
1.1411235634
1.5806295139
0.0301269035
0.0301269035
2.0819672131
4.0015593416
1.6333231676
0.4894658820
6.4157937696
3.6649607113
0.0013874768
0.0013874768
0.9415598763
0.4894658820
1.7274091250
1.4989788596
3.5319458673
3.3118168112
1.6033260281
3.1481856450
1.8022294641
5.5689053972
2.5842894969
1.8022294641
1.0316014573
1.7165406713
6.3944323327
1.1322649945
1.6856562445
1.0604535398
2.0677265501
1.4178612289
0.7653207892
1.6310457983
0.4057095415
0.0674362906
0.1548731191
4.9512713823
5.0377339705
2.5192411924
0.5583424096
0.1548731191
5.2338746199
1.4897090891
1.9555452804
0.3955206598
0.5583424096
0.6948872724
5.5809931008
0.0674362906
3.9996381728
0.6780133929
2.7254825654
2.6188096543
0.4057095415
3.1217874141
1.9627706584
0.3955206598
5.5008635579
1.4897090891
2.6188096543
0.8686602556
0.9473794112
4.2491022265
2.1098411631
0.6098180385
3.2443503601
0.5486201393
6.7541806020
0.6098180385
4.4703184026
0.0779047197
1.8356118427
1.8574764956
1.8015293912
0.2096865211
9.5671294049
1.8307767945
0.1331534563
0.2080004825
0.2080004825
0.2096865211
0.5486201393
0.1331534563
1.5213825425
1.4027887102
1.8914561713
0.6853070175
0.0779047197
5.3382423127
0.7383562438
3.3276448510
1.9547357150
2.4436747872
2.6844120553
1.9879781023
5.2865714286
2.1941582581
1.5467818559
4.2577360751
3.5975819001
3.5885192509
0.8521770758
4.0580972386
4.2055277859
1.1221158374
4.3912403185
0.6458570984
0.6863642140
1.7936626480
1.5467818559
1.2260457000
4.0393801701
6.5799150037
1.9879781023
3.5975819001
2.4816288755
5.1292382999
2.9541991268
0.1556719004
2.2471930086
0.1556719004
3.3171040820
0.7110483042
2.7033688968
0.8354222987
0.7500295703
5.4925211852
6.0539314868
1.9135690789
0.7500295703
4.6075464820
2.7031752693
2.9169311523
2.5754229627
3.1378441605
2.5273238187
1.7521169726
0.1006511335
3.5606168785
2.2471930086
0.2422716838
0.6042661188
0.2422716838
0.1006511335
8.4029677044
3.3888152914
1.1925115521
0.7978356094
1.5119757234
2.6999437746
0.4645168950
0.4645168950
1.5605348025
1.2580645161
7.6023072796
1.5824017310
5.5847410944
2.0016085446
1.9218257599
2.7456669383
0.8532985125
1.4069160505
1.0975778547
2.8527413877
2.7268860144
5.4959097320
0.7613027960
0.0309692428
1.0668506382
3.5800561798
0.8262501955
5.7095869276
1.4225426226
3.0503626821
1.7347360064
0.6857563501
1.7017752484
5.4386904762
0.5990849740
2.0574450186
2.5969774841
2.1824738550
1.3703333845
4.2891573065
0.6808278867
0.5703205201
0.6857563501
1.6007712495
2.5826378438
1.8419065261
0.6968394866
0.9712676644
2.2966484431
0.0309692428
5.6811379359
1.8203768164
0.1939124196
4.9426007348
2.4943278503
3.1386165577
2.2872472142
6.5412492436
3.6960309250
1.0638565775
1.1499794830
0.1939124196
2.3070733533
4.4062325789
4.4698155835
5.0669925564
5.7792852906
1.0663734115
0.6873447792
5.2554785805
0.7789292756
8.1598493924
0.6501680770
1.8090079482
6.0317886725
4.1900021182
4.1719139047
3.4603285564
2.7456647399
0.9292222575
0.4658913888
1.7293187348
3.7577845136
0.8346710955
1.5724183804
3.4471592390
1.9402645178
2.5346842367
0.3189060041
2.7173310595
0.1446029739
5.6571771883
7.8131841597
0.4658913888
0.9292222575
0.3189060041
4.2301159187
4.1498862775
0.1446029739
2.5659726027
0.8346710955
1.8196021874
4.6463631316
4.4635570426
6.2812689607
3.6867256637
6.1910563919
6.1227223280
3.5051709027
0.0375237439
6.9120640045
4.8404822489
0.0375237439
5.6057011670
0.8112214300
0.4229369023
3.3910325668
0.0465414169
8.2797703097
0.4229369023
3.9911755268
1.4173200495
0.4564045579
0.3823337820
0.3823337820
2.6871357080
2.7236255572
0.0465414169
0.4564045579
0.0602160593
4.3994645248
0.8085446810
2.8233749179
2.6079537729
7.8223086900
7.0643064150
5.0169024215
2.3156359059
4.1639756891
5.1285348821
1.3823053262
5.1308435623
0.5965519298
0.5876879747
2.3431998568
0.8085446810
5.2978990842
1.3438510483
0.0602160593
0.5567963618
0.9140767824
3.7188958452
1.3551621815
6.7970622878
2.3778960551
1.8363756505
3.9078195489
2.3717412691
1.1721724038
7.6204078456
4.6263368984
3.1183469334
1.3862485939
0.7926304134
4.7842716579
2.7167655704
0.9581175754
1.9549205952
1.4205578512
3.4275662252
5.6848505320
1.7383709892
1.2998778999
1.7024886032
1.5959685082
0.1932275785
0.1932275785
3.5917548108
1.5131543504
2.6873973053
0.6827457265
2.7818373971
2.0109271523
3.2806396166
5.1768662992
6.2712872760
3.2055893945
1.5368915457
1.4705493388
3.1976191839
1.4258018346
0.5925959674
0.4270350451
1.4929701776
0.4709042738
1.1254900033
0.2344184537
0.1285178880
0.4797939805
8.7851742627
2.2331265781
16.8864416661
3.6650836421
1.0881243575
0.2857005696
30.4016089712
0.1813241844
0.0307251529
0.7907115812
1.8473921720
0.1006806855
0.6341894744
52.4748046349
0.0881012061
1.4063790403
0.0740221389
0.3434737402
0.1085247476
1.1177073808
0.0472735728
0.3396197210
0.0869634959
0.0151464402
1.1247886489
5.1385386150
0.1762967797
0.1036804214
0.4955561343
0.0390077228
0.0298429591
0.0320447927
0.6268872279
0.0136592802
0.2025903548
1.0295241222
10.9969097651
0.1060108184
4.5820264736
1.1906496459
0.0286002979
0.0729733136
1.4213253185
3.1137895014
0.0383125971
6.5806590803
1.0260367779
0.3093295251
0.0851899610
0.5703117379
0.3891113817
0.0192389480
0.0308156311
5.0963455150
0.3599843886
0.2371766079
0.1462874461
0.2843017721
0.1516925980
0.0399699773
0.9596146778
1.0235662209
0.5419310827
0.6870484581
0.1516925980
0.5103047976
0.0805880193
0.3994882908
0.3515346797
0.8919129693
0.2073557986
0.0399699773
5.5413548239
0.0243377371
0.0679998808
0.5103047976
0.2974576736
0.6313234152
0.0263754021
0.1432576535
0.1276404114
0.4946256016
25.2975658405
0.7419913690
0.9233796097
1.0078770801
1.4799322926
1.5951204977
0.2781639702
0.3798704945
1.5100016898
1.4509713786
0.5311805150
0.5160512561
1.4076393379
0.9360211822
0.3900484425
0.4211489966
0.7671438862
1.0203156913
4.3742347167
0.0120292664
0.6247872264
2.1347269730
0.0669948146
0.1399238439
0.3247556437
0.4480208188
0.4856443271
0.7071124587
0.2600307852
0.6019733572
0.0604923591
1.7086549623
0.4862932852
0.0876093436
0.1735247088
0.0482029448
1.6855160050
1.0912115874
0.8078925083
1.2032513765
0.0590721001
0.7811075134
2.4974203494
0.1296400548
6.4278176366
0.3502839786
0.2977281557
0.5455877121
0.2068568228
0.5368830315
0.0301816866
0.2016146534
0.0887898175
0.2392643952
0.4789827978
0.2977281557
0.1062794738
0.5743536197
0.2853468204
0.4567761846
0.8655434337
0.7309577348
0.0193100900
0.1377348791
1.0392330761
7.3224530983
0.3242367433
1.0281271214
5.6632658877
4.6557431314
0.7052424336
0.0855909845
0.2291574726
0.7211815151
0.1021302665
0.2291574726
0.2373871425
0.0749233412
0.9826657102
0.0834813660
0.8820237592
0.2749000431
2.8532780818
0.0136323731
0.0246791564
0.2886944072
0.1590219283
0.8599266528
0.8120253914
0.2524881966
0.2046457889
0.1021302665
0.3601480121
0.4601492343
0.8531157823
0.2344184537
0.8214712989
0.6301358528
0.6694308934
1.8862236267
0.6614084396
0.3037647992
2.7946132087
0.9673991333
0.2998146490
6.8634444566
2.6911044878
5.9918649082
0.9598709855
0.2651027845
1.1616555745
0.9224003453
0.2788720208
3.0565298890
0.0321748084
1.8597626869
0.4678872756
7.3502628994
0.6661284699
0.1627529126
0.7010370317
0.7929759225
0.0238936273
0.2907600880
1.8201459981
0.1538176566
7.6903541550
0.7621758368
0.1538176566
0.8902012593
0.0564121425
0.1202932894
9.2456884083
0.1929765839
0.7060954640
0.6423916478
2.8179923652
0.2248232909
0.4170118104
0.1253885210
0.3277999012
0.2159645392
0.8268361554
0.4364826317
0.1766837887
0.1944067017
0.2611106907
0.2084150113
0.0243381457
0.5136477613
1.1476867283
0.0957187364
1.5572315235
0.0313903278
0.8753589237
0.1235309407
7.7728447689
2.0303201461
0.2397309504
0.5655700780
0.3695102488
0.0703668530
0.4468194006
0.9766798188
0.8784900051
0.7740703246
0.2787412489
1.4438644748
0.4719309921
1.1630746737
0.1866054804
1.0147044016
0.2415384763
1.0085283948
8.1317426194
0.4892293498
30.5633639065
1.3201414704
0.2281937060
0.1839639244
1.0172623433
0.4431963810
0.1595202276
0.8579722495
0.3957507660
0.1565137132
0.0674103434
0.3024093167
0.9053160017
0.7301027491
0.8867435794
0.2423389393
1.5412941950
0.0190427374
0.8867435794
0.1552842706
5.5405534923
0.3309904107
0.3817814975
0.2930332449
0.0304397232
0.0408409882
0.3469495862
0.0174615270
0.0896480507
0.0190427374
0.2882729405
0.1912531134
1.6055015306
0.0426928550
0.5452072899
0.5882813851
0.7126599358
1.3081480846
0.0605901355
0.6906118375
0.2832679651
0.0574145864
0.4878527265
0.5140304119
0.2333139400
0.0149073761
0.3637622284
0.5776566616
0.2569268562
0.7866713181
0.8751828769
0.0746971528
0.0951441249
0.0874834199
0.0385323788
4.2097628745
0.7483668680
0.5070313887
2.3741036857
2.4104537481
0.0825082864
6.8562040771
0.5972925776
6.8562040771
0.5892954626
0.3720183944
0.0789584057
0.5244286725
0.9591724680
0.6426542113
0.2380732338
0.3430425856
0.3462927312
2.0772974548
0.7204073849
0.9240173662
0.2906307399
0.0302600621
6.9496493171
0.3232072316
0.1261354877
0.0464933991
0.1387824547
0.0997912361
0.1180861265
0.0472192577
0.0810966721
3.1628328104
5.1500108516
3.9721792619
10.4816725046
0.2695595063
16.3550202570
0.0613489320
0.0905766735
0.1873143640
0.0130378859
0.2813734381
0.6563227436
8.8638064329
0.1974443540
0.1276970351
0.5059924533
2.6117959711
2.1914166066
0.2518032681
0.2060024980
15.5866822259
1.0926370677
0.0980825727
0.0823814399
0.6654190371
0.5040422801
0.7278996007
0.4066235258
0.2116503358
0.0956440473
0.2819562259
0.0210254976
0.3447715933
0.0263484759
0.7016067330
0.0148915892
0.0485269981
0.0404427325
0.0569600780
1.2072298857
0.9530913425
0.5485688825
0.0548908208
0.7467035413
0.4608290526
0.0314206283
0.0221023045
0.8084460908
30.7066217733
1.0218714511
0.3155648877
3.0235682738
0.7369519723
0.7369519723
1.3645527933
0.4244484364
0.0792247139
0.0476876874
1.6198151447
0.5938889650
0.0194806438
0.2729090396
3.0344844773
0.8581902529
1.9252736657
0.2892531534
3.0069944562
0.3676306960
0.4701901359
2.4089523339
0.2182580177
0.2767763547
0.2275518360
0.7098785464
1.6267944797
18.3178751411
0.1312702265
0.4494863606
0.4797603681
0.0550282604
0.1396757134
0.1073435720
0.2172022178
0.1395923228
0.0245182067
1.7676174225
0.5495807970
0.2641091536
0.5690243098
0.1438322546
0.0171724208
0.2649959752
0.0565412589
0.1355712317
3.1168606531
0.0653227645
0.0136358808
0.5395554651
0.4139667934
0.1027911343
0.0712817738
0.1485446265
0.6974256200
1.0871707186
0.5235927051
0.1207286134
0.3266652620
1.6789713042
0.1207286134
2.8541062538
0.1604027098
1.2411145525
0.4778648313
0.3002221100
0.2439500590
0.0774484616
0.7529090967
0.0223255502
0.0223255502
0.1005716005
0.8256486454
2.2185718033
1.7581317443
0.1975010563
2.8569001229
0.0444628293
1.2905406957
1.9369740718
1.6753382519
1.7190914383
0.3513613881
0.1326332830
0.1102776111
0.7024065752
0.2174169268
0.0181188273
0.2749621045
0.7902433495
0.1457721431
0.0493746131
0.0281637650
0.1140778201
0.1876163911
0.0856511596
0.0850970368
0.3992531536
1.4386293418
0.0959566376
0.7420253220
0.0104437224
0.0439715710
0.7502634415
0.2654645993
0.4580755779
0.0947830600
1.3098828807
0.6300128229
0.2512869446
0.7399553605
0.2209652419
1.0648995135
0.0496627915
0.5014958076
0.0654663317
0.0986497132
0.0514911182
0.2952897572
1.2547523926
0.2818778739
0.1282329810
0.2986653440
0.3319967254
0.0501187815
2.3991087259
0.0686392747
0.0461271277
0.0484810818
6.4786920319
0.4681022533
2.1127557530
0.0245137729
0.8545742186
1.0672946984
0.5130091605
0.4836069004
0.0271145945
0.5319500832
0.1052011941
0.0256506917
0.1022807341
0.0112368958
0.3994716646
0.0616810798
0.0353696839
0.3883415435
0.2516603870
0.7529758133
0.0154438036
0.3021032879
0.0743185581
0.4659096671
0.3090831114
0.0825894460
1.2985892715
2.4257552327
0.0165782368
0.7423083885
0.4583197827
0.1298638370
0.2464012352
0.1049806382
0.0165782368
0.0583887563
0.6951625303
0.3353172590
0.0146227028
0.0294349431
0.2145270181
0.2523110322
0.2526420797
0.0863564493
0.4520388979
0.0135735674
0.1223746483
0.3909427346
0.0272277826
0.1944583572
0.2506600445
0.2506600445
0.0646452605
2.6113838916
5.7653875141
0.4922589255
0.3326545389
21.6759689922
1.2270039295
0.1760690671
0.3182359729
0.2536704172
1.3747695471
6.1568857714
0.3199642531
0.1695431307
0.1763472755
1.4343018856
0.2719065795
8.7598135811
1.5760457630
0.4108636154
1.1717714875
0.5021353542
4.6611353969
1.0560022996
0.4926309481
0.5358426742
1.1873048489
1.0230943869
0.1264321785
0.1322978819
2.6599728507
0.2994304242
0.0626186180
3.8735106715
1.4271721132
0.2433982540
0.0997371887
0.1511262196
0.0430320135
0.0808878444
0.0890378330
6.4887239638
0.0688678897
0.4578591332
0.0637232944
0.4295038445
0.0478948479
0.0214950944
0.5323076545
0.0626186180
0.0227561834
0.0295794400
0.1010976152
0.0182792954
0.0301580983
0.0430320135
0.0602648926
0.0184390951
0.0438993478
0.0220105776
1.0811124922
1.7933321295
1.0496320375
0.2772718154
0.3995883650
1.6569230535
3.2543945043
0.9118749899
10.9031885430
0.7306625858
0.2605667748
0.0418000939
0.5431268816
2.8967929345
0.0428312856
0.4122503047
0.2995596140
0.3502618085
0.5313584397
0.5939845099
0.0187760283
0.0834801172
0.9172489735
0.9670707465
0.1193430701
0.1193430701
2.2561356878
0.7103953674
2.0455967148
0.7744784699
1.3918979346
0.3393689276
0.1406261008
0.4649325817
0.0181869592
0.8512650856
0.2377863882
0.3705300036
0.1333673587
0.1212184445
0.1065363380
0.0181869592
0.1528763581
2.0923687010
4.5926307493
1.5860402383
6.3555648100
0.0136820864
1.1926614578
0.3551665846
1.3817729815
3.3275805926
2.4636315479
0.3326040926
4.9167587337
0.4286870008
0.0948518457
0.4685687226
1.9607928715
0.1539574499
0.4292143105
7.5118094589
0.8324178649
0.8453630846
0.7589635712
1.7827620623
0.0454611114
0.1068296896
1.3066980987
0.4096853633
1.6793040954
11.2531200308
0.9022074396
0.6596195292
1.4105195585
0.1057362241
0.4297282686
0.0804624724
0.1057362241
0.0739376067
0.4948491647
0.3987524410
0.0527256491
0.8873509679
0.0798035042
0.1359747774
0.4157920783
1.2718291942
0.1476113697
1.5691459057
0.6014856407
0.0741926666
0.3393840666
0.5755666139
0.5618703186
1.3252880670
1.9270734523
0.1820956612
0.5877082872
0.1538694346
0.0523875251
0.4178304741
0.1686999436
3.8081230356
0.4236865553
0.0362547955
1.1755867079
0.2093736985
0.8839096029
5.0853725120
0.7172287878
0.6626446995
0.5117381015
0.8254353723
2.3245511236
0.9023595151
0.4404819830
1.2570859467
1.6955198862
1.5982215858
0.3114927872
0.2776088399
0.5046756741
10.4207895190
0.4125579053
0.1181689643
0.2484029537
0.2071210549
0.2476042388
0.7129241755
0.1343506792
2.9018632956
0.9672678933
0.1027320631
0.8512618406
0.1886532383
0.9743111846
39.0482650210
0.3164047970
0.2633897726
0.7533423473
2.1158283306
0.7900155222
0.5744411738
0.3424357165
0.1124955788
0.2805083612
1.0495840099
0.2274165628
0.9271114301
0.0585211173
0.7930053693
0.0791855640
0.2665202668
0.0301130514
0.0126780859
0.5940585079
0.5430313439
1.3793929024
10.4926186224
0.0527122507
0.2544089609
0.3591350236
0.0215672096
0.8445631189
1.2578902359
1.9396638665
0.0200940573
0.1581592353
0.9002717813
0.1760227142
0.2097597849
0.0321885116
9.2109931397
2.2672346680
2.2434974362
0.1999014944
1.7851744321
0.5039703806
0.1801166965
0.9866931010
0.6931282316
0.1307303131
0.3860701629
0.7279826131
0.3214591820
0.8061304782
0.4991469554
0.1775691035
0.0679980689
0.4783177736
0.2668689502
0.6943328477
0.1513702094
0.0270719250
0.0205742908
0.2298697676
4.2000813428
0.0270719250
0.1232488150
0.0105103672
0.0205742908
0.6648670868
0.3135756794
1.1670391652
1.8555397336
0.0586261265
0.0252686239
0.0326302600
0.3472158958
0.0248740537
0.5744724758
0.0297902831
0.0279404976
0.0194658298
0.2273205459
0.1066595136
0.0131647283
0.0105103672
0.0303556989
0.0421291014
0.0443721487
2.1623044131
0.6583981507
0.9949540890
0.0289534551
0.0465071351
0.2351873855
5.1916143407
0.3647663863
1.0301527724
0.7391026070
0.2689075239
0.2406851653
0.3471424824
0.8112336449
0.0350418969
0.1579530233
0.1211164699
0.0283857214
0.2655263225
0.3760564027
0.4676281684
0.2968855567
3.7415262942
0.0244316236
0.0887748776
1.0301527724
0.0585265046
0.5924130031
0.3782941715
0.1861066176
1.1647457165
0.6220122496
1.5786118011
0.1711517801
0.0270444490
1.8676135182
4.8745374360
4.5112459477
1.6859120959
1.0161223177
0.0385679166
0.0939639439
1.2601915303
0.2077048547
2.4074036517
0.0854111292
0.0892205802
0.2025931278
0.0510393356
0.3525239494
1.1153421250
0.2036859080
0.0219307572
0.2489289748
0.3445617219
1.2958742496
0.0115375252
0.0267820018
0.4180306280
0.0446178652
0.0483301629
0.0275614649
0.0409221635
0.0789484427
0.4706185876
0.1629248473
3.8552342326
0.5658746276
0.0137974730
0.0850467831
0.5202126430
0.1629248473
0.0126712897
0.0461472448
0.2038204573
0.2932880041
0.1681469167
1.0941395270
0.1470326495
0.3761586795
0.8047561677
0.1551811397
0.4429506522
0.0281935695
0.0255145344
0.0354503928
0.6217529663
0.0676442743
0.1379105752
0.0126712897
0.0118394616
2.0920747344
0.2135046731
0.3903524674
1.1783205268
0.0054583825
0.2426847851
0.1112343145
1.4130219602
0.1982266839
0.1668704586
0.0845497987
0.2282067112
0.1162304747
0.1324135009
0.0106944208
0.0320793304
0.0212259251
0.8904178207
0.0598116531
0.0100248014
0.0054583825
0.0547910818
0.0376210329
0.0116638669
0.0224419512
0.0183869944
0.1430717505
0.0235381070
0.6674910383
0.6193662699
0.9752368694
0.0344191562
0.0312648510
0.6025291547
0.1676102932
1.7166916727
0.0277896313
0.1756336501
1.1400600199
1.0839774113
3.1264909753
0.4748631910
0.3132550388
0.4567002470
0.7445728853
4.8506546218
4.8506546218
2.8016709637
5.2838757108
2.6048434669
1.7750744879
4.3329321262
2.7405885185
2.7405885185
5.6986851965
0.8082559878
5.2838757108
1.7750744879
6.6304144144
0.8082559878
2.5570147746
2.8016709637
0.9531794445
7.9827600636
2.6048434669
0.9531794445
3.0711133165
3.0711133165
2.2217045975
6.1982202456
5.7527766759
2.4421624713
4.4038728359
1.9066545060
8.5337303351
3.8567164179
6.8207799328
8.0170236134
2.9234704141
1.9066545060
1.9914528261
4.6512913110
1.9914528261
1.2720942982
2.4421624713
1.8877663364
1.4543427230
6.1982202456
1.3619932869
7.5164001978
1.7573731813
1.9934362934
3.3753256813
5.1713520046
2.9234704141
4.4671142198
3.0395225173
1.0576039727
3.8766315037
4.0900512763
3.5305171377
2.5773704172
1.3510865693
1.2720859705
3.0395225173
1.1491881930
1.2864554279
0.5293781495
3.0771908272
5.1080448027
5.1080448027
1.4174890057
5.1131794417
6.4549605375
1.1491881930
5.1131794417
4.0900512763
5.8631660631
2.1016083878
1.4174890057
4.4671142198
0.2765904915
1.6339374303
6.2528071443
1.3604110120
2.3020917136
1.6339374303
5.8730609281
3.9741517582
5.1194068848
5.3530825323
1.6680723276
3.5782283902
3.5782283902
0.2765904915
4.5492745836
2.1386767425
2.9560345150
3.3449933030
3.4837854425
1.0920848422
3.8152989928
3.4837854425
2.6023328592
3.3449933030
7.2532876959
3.8152989928
2.9560345150
2.9798934654
3.8056070130
2.2118967741
1.7989748161
2.5100886693
3.7562640473
4.3707105247
2.5100886693
6.8196416610
3.9539523726
3.1701523147
2.8523912256
3.1701523147
4.3707105247
1.4393602498
0.9731937173
5.2540433207
3.8056070130
2.2118967741
2.7135925101
6.8196416610
8.3234423874
2.4926476433
2.3938682616
5.2540433207
2.3938682616
6.3089099217
1.4393602498
2.8523912256
1.3139207785
4.2915578054
6.8444476978
0.9157704010
5.7918496398
1.5594570065
0.5615099472
5.7918496398
1.1259987621
0.9157704010
9.1346047028
3.0673808790
5.5466935097
4.1556719623
3.2876303282
2.0062872270
0.8679729287
1.2089318988
3.2876303282
2.1602454560
2.4128154602
2.4662485921
3.8469536665
5.8223208658
2.4128154602
4.1556719623
2.3368652655
1.1689597665
2.4662485921
2.1752737596
2.5742117648
5.5466935097
0.6337135615
0.8507407680
1.1259987621
2.5742117648
5.8223208658
1.9420254552
1.5594570065
3.1627089975
1.0095693780
1.4206992359
3.0673808790
0.5615099472
2.0836854370
1.7228146239
4.5433903548
1.2395851440
4.0852834959
2.5469224549
4.2106088987
0.2480871732
0.7915326026
4.7747209763
2.8484545116
4.2106088987
2.6379271052
2.8484545116
2.5176729713
8.0900841985
2.0836854370
1.6944487472
0.7833532921
2.0983547185
1.1880495706
4.9509337687
7.2996796259
2.5469224549
4.5433903548
1.4363110638
1.3697371779
4.7747209763
3.9491072513
6.4603296873
1.6944487472
0.7833532921
2.5176729713
3.7568729381
3.4695010268
1.1700756966
1.8713136729
6.1121320540
0.2480871732
2.6379271052
2.1575214900
4.9509337687
4.0852834959
0.5623108666
0.7915326026
8.3995775243
3.1500151286
1.9114495206
0.3210160887
5.3165737500
1.9178686845
0.3210160887
3.8995421491
3.5080155642
0.7608887129
1.8081586966
0.1493125718
0.0084143253
4.5535868646
5.2544298581
2.5929479372
1.8081586966
0.2642378982
1.2323052237
2.9168673940
0.2642378982
3.2064585210
0.7569820384
4.1074476451
2.5135178419
0.5937336599
2.4558510111
0.7908179364
1.3493576461
0.6261986461
2.7796132667
0.5937336599
4.5535868646
3.9485229810
0.5421523448
1.0661203730
2.5135178419
0.0084143253
0.1493125718
5.6268464997
0.8797429621
1.3778314709
0.6261986461
5.8011227332
3.5008524367
4.5810103014
4.5810103014
0.7608887129
1.2609798271
2.4558510111
6.1826731537
0.7908179364
2.5929479372
7.3527978418
2.4077577578
5.5270379565
5.8011227332
0.9743667487
9.2400865886
1.3201256066
2.6918941870
1.4431131979
5.5270379565
6.1826731537
4.1074476451
1.6472238926
3.1997904296
3.8995421491
0.7569820384
2.9168673940
2.6918941870
0.9743667487
1.4431131979
0.7866168055
3.5008524367
1.2723130375
3.2064585210
5.3165737500
3.9485229810
0.9153010013
1.1216338812
1.7603336286
3.4929758074
4.1385723161
3.8356057073
0.7111525635
0.9890615284
2.9022809605
4.6152199654
0.0534203615
1.9742991764
4.7681701319
4.7681701319
3.6607326253
4.3780637698
2.1256080619
4.1385723161
4.0442558985
1.0453573438
2.7317566137
1.2551565038
0.9890615284
0.2575421781
3.0510074170
6.3384047306
2.9022809605
5.8659553184
5.4811536963
1.0272170856
0.9189709952
5.9546821751
5.1258626208
0.5770568047
0.9153010013
4.4714420972
5.9546821751
0.0772074057
2.7454835812
4.0442558985
1.7409641983
1.7409641983
2.4279270814
1.1216338812
0.5829077702
2.5537553749
1.1198783842
0.2063752480
2.3417441801
1.3423150173
1.2627713921
0.5829077702
0.7767554604
0.3883797814
1.8360682264
1.8360682264
0.5122950820
2.7013846622
3.8613838912
3.4094663889
2.1898708960
4.8902977020
0.5141123850
1.1221963895
6.5513284754
0.9102099381
1.0195599022
0.6609477645
1.4909957627
2.0903790087
1.1189272821
2.5537553749
0.9525569559
3.1875215681
2.0943291840
0.0373911975
5.1258626208
3.8356057073
6.7868144406
0.4166526764
1.2551565038
1.6611202918
2.1496546918
0.7100570794
0.2063752480
3.8613838912
0.4699105679
0.8263003441
0.7521058965
2.1497260274
3.4929758074
0.9630008367
0.4166526764
5.4811536963
2.1347357349
0.3929229955
1.4963045600
1.6372037915
1.9742991764
5.4417615684
1.2722828580
0.7188255613
1.9267165233
1.0372090218
1.3070709661
1.3109511283
0.0534203615
1.2095412844
1.7617830778
2.4222204612
3.4721875300
3.3236330969
3.3196877122
3.4094663889
1.6577134986
2.3893584480
2.9121301291
3.3236330969
0.9391463586
6.3384047306
0.7559561175
4.6152199654
1.1524588795
0.8222297526
0.5770568047
4.4714420972
1.9318485523
1.4433694530
0.6636731526
4.3780637698
0.8215280541
2.3904832123
0.0373911975
2.9685602001
4.8902977020
1.9267165233
2.0330599055
6.5513284754
2.7317566137
0.4699105679
2.1256080619
1.8415542113
0.0772074057
3.6607326253
2.1898708960
3.0510074170
5.8659553184
1.3698168625
3.5672653061
0.9710630354
1.6703302929
1.2722828580
1.3180022407
0.9189709952
0.7767554604
2.0803611966
0.3929229955
0.3883797814
0.2575421781
3.1613184894
1.2017117117
0.7081026405
0.7559561175
2.9835342198
0.6135902637
1.4359822307
2.1018674652
3.4862715217
2.1018674652
4.8618370414
1.8671545746
2.2059884278
2.8255348201
7.1274864633
0.0993650817
0.3031902729
1.9119606003
1.9861377763
0.7537462852
6.3162621996
4.3396036121
0.1273265746
0.7537462852
0.7919207588
5.6642537073
6.5270798459
4.3396036121
2.5131772365
2.8501238938
1.2812450541
0.2112119584
3.8763072089
3.2522864310
1.5868142330
0.6808322399
3.2632798972
2.9835342198
1.4864487610
6.9613433998
4.1793411601
2.4700868891
2.0400230448
4.7011705101
7.1274864633
0.3031902729
6.3162621996
2.5932257633
2.4176840102
1.7149307227
1.7309566556
0.1273265746
6.9613433998
1.3777583625
3.1598829794
5.6642537073
6.6557212291
4.3803164674
0.1257169267
5.1173451626
1.4154772248
1.9035201319
1.4864487610
5.2724570876
0.8841218306
6.5405486855
0.2112119584
0.1155846726
5.9677991462
2.6272951114
2.4778735236
3.8763072089
3.2522864310
0.8626325701
0.3959882867
1.0964750605
0.9973958312
0.3256607361
2.0786238136
5.9677991462
0.1257169267
4.3179185520
0.0993650817
1.4359822307
3.2380108992
3.1598829794
2.2059884278
0.7367787685
2.5932257633
2.6132192541
4.3803164674
1.7149307227
0.3959882867
0.7367787685
2.8255348201
0.2762288203
3.2632798972
2.4778735236
3.3615122742
2.4176840102
0.1279023094
0.8300821781
0.7631130627
1.4057050648
2.2461676451
0.8285522688
1.1556198380
1.8671545746
1.8790024997
0.1155846726
2.3632724847
1.1556198380
0.4988917777
3.2700962470
0.8769500544
1.9861377763
6.5270798459
2.3316454223
6.6843007349
2.0034917912
1.9119606003
0.3552611598
1.5311579833
3.2700962470
0.7919207588
5.5486317994
2.2204801568
3.4034427542
5.1173451626
0.9378673384
0.9328188037
0.6304633088
0.9973958312
0.8330254895
2.2706365236
0.0546405919
0.7021695204
5.2724570876
0.7631130627
0.9316191541
5.5486317994
0.4988917777
0.3552611598
0.9541062802
3.8135467064
1.7475664604
1.9234001515
4.1793411601
1.1780018633
1.3777583625
0.7375218335
0.7151253918
0.6040471157
4.1076882601
0.8352125616
0.6152634767
1.3973696301
1.7475664604
2.0400230448
2.5561346171
0.8509409607
1.4321468595
1.4303254438
2.4841975723
1.0887779709
1.7014601930
1.5868142330
1.7254870042
0.8626325701
3.3615122742
0.9393199324
2.3640629641
2.6272951114
1.4018938359
6.6843007349
0.7305669199
0.3256607361
6.5405486855
0.6808322399
0.7634753397
0.2762288203
1.2525435847
4.8618370414
2.2032300440
0.1279023094
0.0546405919
6.6557212291
3.4862715217
4.1076882601
2.2184414198
1.6355810617
1.3611006879
2.8058283958
0.5649267889
0.3514707727
1.8098060651
0.2754059820
0.3077065780
2.4796307403
0.2218970611
0.0940949194
0.3482820083
0.3022677815
0.3507246562
0.0416341901
0.2754059820
0.0448527037
0.1239454446
0.1045655902
0.5530468016
3.6394899536
0.2132200329
0.3200311788
0.3441814377
13.2477308174
0.0853196677
2.1449633712
0.1179351331
2.4948063390
0.7263473966
0.0732058709
0.3371328160
0.6006250143
0.3817957810
1.4946927255
0.1173318781
0.1545059993
0.4735323020
0.1465439413
0.0453468798
0.4379639449
0.0129645806
10.0699265302
0.3883810378
0.0303440407
0.1425505525
0.6015005597
0.0233671598
0.2224623348
2.8058283958
0.4158009653
0.4345666962
0.0508394100
2.9690250198
1.5763753971
0.0138042648
1.0757888092
0.0642240039
0.1095475902
0.0563796845
0.0159507228
0.0563796845
4.0048949829
1.3925629075
1.5018172180
1.0401525378
2.4948063390
0.2800492619
0.0581846222
0.1163146658
0.0982517123
0.0249185611
0.4882039420
0.4202932580
0.0233208267
0.0197671735
0.1017300205
0.2468159328
0.0738546497
0.3014162815
2.5138371615
0.2505352846
5.8779680683
0.0635356862
14.1756682257
0.0663505901
0.0507152565
0.6730579956
0.0289098988
0.1371490825
0.0422903105
0.2653404575
1.5763753971
0.3008418178
1.1944738425
0.5587883665
0.0276853574
0.3477997289
0.0707256688
0.0936135488
0.5649267889
0.6015005597
0.9270582086
0.1350614105
0.2440273680
0.0816631660
1.4775987163
10.3664537669
0.1206465702
0.0916613542
0.7948476457
0.3940267131
0.0306380820
0.0699598679
2.4796307403
0.1180589102
1.3484901362
0.0444402906
0.0135771170
0.0894723519
0.0318858973
0.2159411141
0.5231724850
6.1711830777
0.2034271692
0.0300941274
0.0374005934
0.2222875848
10.0699265302
0.0260198544
0.1333996694
8.3753386310
0.9423233772
3.9063307494
1.9379241239
3.0326682511
0.2782214542
0.3475374018
0.3582429244
0.0206230281
0.0133680483
0.0281582218
0.8643272105
0.4521191523
0.0794934600
0.0978060592
0.6212919080
0.0208382180
0.1271146013
0.0108461165
0.0520322620
2.1669245683
0.0316343810
1.0401525378
0.0431351461
1.8098060651
9.9376213471
0.0820910745
1.0142160261
0.0480439463
1.7405223739
0.1299608540
0.0129645806
4.8404182173
2.1669245683
0.7552572035
1.3735607225
0.1118599060
0.0994964940
0.0184966396
0.1027871072
0.0323375609
0.0397915348
0.0466213310
0.3682440940
0.0318248067
0.0231920533
0.0543883926
0.2541499524
0.1144486077
0.0810643784
0.0795420969
1.6334176755
0.0202873500
0.0120479025
1.6334176755
0.4483123049
0.0464331935
0.1076697156
0.0728696966
6.4039538109
7.9538258153
0.1276653657
0.0875249711
0.0312002251
0.2269803376
0.2061160756
1.3484901362
4.3155659289
3.2036389551
0.0528742367
6.1711830777
0.3180702080
2.7439475071
1.1692626238
0.1088735419
0.7084043537
0.4131812055
1.2075603985
8.3675121871
3.4712319413
0.2421398757
1.4896268697
0.0522340705
0.1373706304
0.1218994073
0.0144795480
0.1404473054
0.0305062414
0.3757982760
0.1709269340
0.1672482117
0.4883673352
2.1565888340
1.5179802063
0.1118958195
0.3005959264
6.9166244252
0.4368316677
0.5674368538
0.7003884752
0.9559291231
0.2559232786
0.1349695456
1.5010880111
0.1513323103
0.0685512141
9.5285060976
1.0320221505
0.4485760713
2.8321288120
3.7662395287
0.1697172572
1.0342217130
0.0816084532
1.0603733426
0.3620809622
5.3607029998
12.2167325870
3.7662395287
0.1172779747
0.2488160984
1.1900576971
11.1377407233
0.0536246230
0.1645722188
7.1766618577
0.7068363647
0.0412163614
0.1614203098
3.3658276897
0.0265763645
2.7018592829
0.8596156907
0.0657208349
0.0630195864
2.7602367216
0.3441186748
0.2481091954
0.0804152567
3.5563716226
0.3980600871
0.0747026498
0.3234141505
0.3180702080
0.0686911255
0.2448208693
0.1387266123
1.4044671768
0.0972260082
0.2845073166
0.2155079402
0.5404015790
0.3382637408
0.2029984628
1.5010880111
0.1556921183
0.8542423380
0.1818556822
4.1132692823
0.3738375468
0.0773179356
1.7193246132
0.0258302992
0.1269084407
0.1255248283
0.3440008059
0.5000831597
0.0876138383
1.6067283783
0.1875969887
0.0506154363
0.2114409163
0.5767906607
0.0409019704
0.1083052400
2.7439475071
0.1640396362
0.1720724746
3.5563716226
2.7018592829
0.0191843578
1.7193246132
0.7084987452
5.3607029998
0.1130701256
1.5179802063
0.1437788663
0.3539809139
0.4687331126
5.0751060644
1.2075603985
0.2466471845
3.6155528374
0.0818032901
0.0742970078
0.0861909061
0.1335068707
5.2386691009
0.0651958800
0.2278171420
0.1005366584
2.7995932163
4.2935654695
0.0415327590
0.2713886246
6.1034765778
0.4665804731
0.1199851723
0.3784406369
5.6393629152
0.1594992094
0.0876742601
0.0656111148
0.0216211794
0.4695124174
0.0553028827
0.5229807230
0.0876634524
0.1657752911
0.0122035901
4.9479228444
0.0239612381
1.5988813564
0.0110502244
1.8218042847
0.1123966233
0.0615306888
0.0210151582
2.1565888340
0.0697426933
0.0454315505
1.0086238964
5.6393629152
0.2303473861
0.4365462140
0.1750604361
0.5128910580
3.4712319413
0.1306351677
0.0576474515
0.1893625602
0.1228615012
0.0427791661
0.5670707445
0.0364592617
0.3333873465
2.1711446603
0.1586234662
0.8094405914
1.9538933319
2.0106340025
0.0442193219
0.1161292119
0.4423301027
1.1205215024
0.6115224289
0.0772667604
15.0260171542
2.8321288120
0.0876675240
0.0572141133
5.2386691009
4.9479228444
0.3861834780
0.1221721663
0.2859402160
0.3380944401
0.3817815249
0.2501640832
0.0380025043
1.6067283783
0.0116072196
8.7793321495
5.9272736320
0.7919608337
1.7344766829
0.6140601497
7.1127936242
1.5894840357
0.1177732848
0.7063151745
0.0569397548
0.0310448070
0.0107505149
0.1177732848
0.0199720790
0.3470146629
0.3736523236
0.4595030825
3.7075452503
2.1555353861
0.1933241315
0.1542232932
0.1632226374
1.2035729064
0.0200632312
0.0329605984
0.4719375965
0.3490890639
0.3864027599
0.0377252252
0.0128223188
0.4110176650
0.3069493286
0.3982205336
0.0851148804
0.0635230820
0.5712845781
0.9957116237
0.1549796504
0.1389364754
0.5255062993
0.0404999428
7.1127936242
0.1531702978
0.0139128499
0.3433803582
1.7292670379
9.0766099241
0.4274694009
0.0463274363
0.3074799564
8.1389484993
0.2972380501
0.0251941683
1.5246182812
1.2047298864
0.2500665414
0.3766662453
0.2845980326
9.5152858157
0.3100875535
0.1018048061
0.1151215865
0.0245458406
3.8498978193
24.4180011044
0.3164736711
1.3289426458
0.0144755091
0.0814186890
0.1086906741
0.1271358005
0.5125475180
0.4226346669
0.6813579643
1.7344766829
0.3966632462
0.2906932392
0.1404770206
1.7292670379
0.0162744760
0.1579064986
0.2118542575
0.4764979655
0.5646217478
0.0779136577
0.0326434466
12.6017778856
0.0249187113
0.1444775298
7.0517866994
0.1838598998
0.5001842033
0.2924013263
0.0369276825
0.0950670498
0.0740116263
0.0153838800
6.8327092794
0.2689669588
0.0633212155
1.1489197944
0.0346442676
3.7075452503
0.1146328505
0.0164100679
0.4461749082
0.5308950754
1.3646076265
0.6248078777
0.1013082412
0.8925098598
0.2168837748
1.5821199505
0.3696053389
1.5894840357
0.4260774159
0.0755775611
0.0171062742
1.5821199505
0.0320237545
0.7875742157
10.8763460201
0.0771471449
0.2173476085
0.1391811344
0.1482617620
0.1281759054
0.7590899831
0.0922091431
1.7801878600
2.1555353861
0.0188251407
0.0561455075
1.5561468400
0.0795387238
2.7724099570
0.0487209986
0.9523594077
0.0140787246
2.3168064920
13.0282326473
2.7724099570
4.7752052357
0.0635230820
0.0613913529
0.1972027618
0.2227814760
0.0235367789
4.7752052357
2.5776929601
0.1304518059
0.2918700003
0.0643457900
0.2869378629
0.1148446789
1.0413372923
0.3370610044
6.8327092794
3.1795965779
0.3553989082
0.9302659544
1.0666739834
0.0943285502
0.1876882282
0.0510192186
0.1680454152
3.7295148048
0.2936616400
0.0249187113
3.8498978193
0.7910066704
0.0715573650
9.0766099241
3.1795965779
0.9922703217
0.0268942540
0.1124523811
0.0761614456
0.0173762818
0.0566862835
0.2787043542
0.2771126391
0.1671182182
0.0780996735
0.0583851140
0.3750276193
0.8800320144
0.0817076238
8.1389484993
0.1454064259
0.1429899831
0.0939308919
0.4689202351
0.0947705605
0.1643084635
0.0935882155
0.0679432462
0.1828333494
0.0932845979
0.3076641628
0.8162418623
0.0925726401
0.9039253722
0.0444363581
0.0367650675
0.5397718700
0.0592773071
0.0974905673
0.6877094503
0.1095607825
0.3209951991
0.0428899176
1.2382895035
0.5922127707
1.2356969868
2.2521391468
0.4166137316
0.2978618162
0.0792149439
0.1886560676
0.2012544537
0.2585020918
5.2578619885
2.4254999034
0.0335095053
0.0395808913
2.2521391468
0.0757527960
0.1061234088
1.7232182407
0.0456075335
0.5643898226
0.1871068035
0.0390820514
0.5292148944
1.2356969868
9.4840918053
0.0671955265
0.2874803307
0.1850003724
0.2175416425
0.0245946611
0.5569088166
0.6324656655
3.5313362450
0.1158724377
0.3716100834
0.1768144627
0.0757999484
0.1256239773
0.0942601051
6.5141703712
0.0687156632
0.2544983224
0.1050043642
0.2706137009
12.4979147779
2.4254999034
6.0546244314
0.1686844755
0.8493351862
0.2305352897
6.5141703712
0.3149375382
0.0474072718
0.0673069191
0.0115641483
0.0270099236
0.1947413074
0.3580333473
0.0441483024
1.1990485192
2.2900606061
0.7300238471
0.1257428630
0.1354585648
0.1023700774
2.8641357701
7.8582880500
0.0463179489
0.1194932816
2.7181729874
0.0145711898
0.0829742479
15.4575052054
0.3144106900
0.1601847186
0.1179083777
0.1624139299
0.8709270480
0.0998042517
0.4529670278
0.0197425960
0.0177159844
0.0869650924
0.9334131889
0.1733732421
0.0282552049
0.1030856190
0.1415151274
0.0313618878
2.2900606061
3.2362708629
2.7181729874
0.0521424029
0.7467968292
0.3513737763
0.2305352897
0.2728260196
1.0731101215
0.0420445339
0.1678773569
1.0415663758
0.0241145302
0.0871668974
7.8582880500
0.0349797763
0.4396369693
0.0129236198
0.1628312270
0.0511992786
4.1635319032
0.0445910873
0.3185534231
1.4430707960
0.0507256850
0.2680294743
0.1914652835
0.8569447247
1.9716437317
0.0627903653
0.0431790844
0.1055397475
0.0807922597
0.2614437723
0.0643772957
1.5066267636
0.0305611273
2.0393084028
0.0388967262
0.1667470997
0.1340485592
0.0353877079
1.9716437317
2.1571148345
1.0534914441
0.1192761250
7.0967436289
7.0967436289
0.0973758089
0.0367650675
1.7264199076
0.3407406259
1.8877354847
0.7265270907
0.1418524316
0.0297495976
0.1117698994
0.1482561310
0.0369843382
5.6910691194
0.0879934259
1.7264199076
0.2506159031
1.8989862869
0.0341979362
0.0327243681
0.0127286220
0.1779545376
0.7850112640
0.3614594644
0.0473816024
0.1893058827
0.1137860948
0.8186321577
0.7489304795
0.0254856537
0.0546227279
0.0643256273
3.9296611410
0.0341117730
0.0219672836
0.1677561285
0.1834209695
0.1877525977
0.8586423226
1.0361935936
0.0540223495
3.5313362450
0.0737333023
0.0425497273
0.0548371026
0.0628825415
11.6343801653
1.6082842304
1.2128133705
3.9296611410
4.1635319032
13.7707096200
0.3448467354
0.0890497060
0.2870073788
0.0444820091
0.4451045100
0.0160793036
0.6280857494
0.2522197084
3.4698141277
2.1261465724
0.0274149910
0.1786112839
0.3499013196
0.0362998377
1.9366977149
0.5148902072
0.9565766538
0.7185096960
0.1419633427
2.7606537874
0.0482411030
0.4168803964
0.0492192138
0.7959182323
0.1443770756
3.5209985406
0.7959182323
0.3919748344
0.0720466395
0.3285982773
0.0272020804
0.1282112086
0.1219429046
0.0991990187
0.1440834120
0.2477522707
0.7889725255
0.0225028608
1.0314229536
0.0116817517
0.5275958967
0.3398346016
0.0302490648
4.1385439806
0.2022615805
0.0308999741
5.3917753954
0.0257639854
6.3428787317
0.1132059551
9.6841742433
7.1430462438
0.2128454700
4.6212329815
0.0762104747
2.7594163550
7.7058436247
0.0754101094
0.0338900394
0.6424706036
3.3333444764
0.6386011814
0.0885340676
0.0803527668
0.9066482686
0.1971116447
2.7594163550
3.8646564689
1.4859072551
8.8435044414
0.0876476842
0.1050515202
0.2595278770
0.8173391626
0.0305012456
1.2613646115
0.1943651028
0.0688878525
1.7909036121
0.0594858721
0.0720963015
0.2596762658
9.7959412383
0.0750831563
0.0141012498
0.0973782772
0.2394808224
0.1515066630
0.1886881747
0.4293186059
1.2145454323
0.0785150496
0.1172974794
0.0298135933
0.0246637828
0.6935955199
0.1396960036
0.3295435237
1.0303551035
0.1291611471
0.0867474340
0.0710095084
0.2781872799
0.2145083004
6.1280400468
0.0378644040
0.0203505103
0.1405285998
0.2536199117
0.0215911630
0.0167528040
0.4423318978
0.0879799778
0.0948207593
0.1362935748
0.0356199877
1.4716469494
0.2345493920
2.1652210674
0.7418230186
0.3758387567
0.0618780091
1.9366977149
9.7959412383
1.1482704410
2.3162327563
0.3841561231
0.0296569194
0.0732989930
0.1279064631
0.2402734970
0.0252661824
0.0860312934
0.9886110226
3.5209985406
0.0277589167
2.1652210674
0.1365421088
4.9283740802
0.0757317622
8.2471852907
0.2838719054
0.0323735755
1.2907183274
8.3514379027
0.0197080941
5.9310181668
0.0705132229
7.8783667961
0.2366830553
0.0662812874
0.1342508227
0.0678543426
0.3621683769
0.0620603170
0.1342423968
0.0205307401
5.3747719507
0.3517162884
0.0510050474
0.0287339508
8.2471852907
0.4332896735
7.1430462438
0.6637724031
0.1241658162
0.0187143869
1.5485259683
0.0278051249
0.2021353246
0.0107790214
0.7877483197
3.4698141277
1.4127172993
0.0888169129
0.9565167252
0.3448467354
0.4018917303
0.0989121243
1.6784158257
0.7690917213
7.8783667961
0.0372209169
0.0632678614
1.5938568389
13.0036340571
0.0695210388
0.7270455864
5.3917753954
0.0103747354
0.2011468523
0.0242914289
2.0021653908
0.0160793036
0.6789467351
0.0587748600
1.1512063446
0.3440508826
0.1083766360
6.3428787317
2.0000000000
2.0000000000
1.0000000000
0.9999990000
0.0000000114
0.0000000114
0.9999990000
0.9999990000
10.0000000000
10.0000000000
