4.0000000000
1.0000000000
1.0000000000
2.0000000000
2.0000000000
0.6111111111
0.0100000000
0.6111111111
5.2937370714
0.3931996496
11.0445337986
2.0777525750
4.8013298058
0.0925901184
5.2170809540
2.8263276111
7.2530407655
4.1854333868
0.2348376111
1.0517364512
0.0925901184
1.0517364512
1.9988021561
1.5152495697
9.2586039054
9.8035730562
2.5139693356
2.3766501335
0.2348376111
0.3931996496
0.8495719527
1.1707239711
5.5086335049
11.2472986391
1.9216647806
0.0359155730
2.2555773563
0.0359155730
0.1358948646
1.5119278366
0.1358948646
1.4853450408
1.7340131579
0.7603596772
0.6410018074
1.5463606861
2.1495354755
4.4041810030
0.0957439337
0.9889770975
0.8064851743
0.5918314659
0.8468775652
0.0957439337
0.0207922038
0.0207922038
2.5692499520
2.4275411314
0.9970427163
1.6202400484
0.8085020008
0.9579226687
0.0596991008
1.1198062359
0.0377921677
0.6202787770
0.0596991008
1.0118855641
0.0377921677
0.7720926779
18.6638376123
3.1506322380
2.3998249708
1.1982110612
7.3713793103
10.1113530778
8.0293417512
5.7692780968
4.4838881105
3.2321428571
0.9308584688
10.8165314793
0.9308584688
3.3189389960
2.0764161103
10.2820191034
2.0598380181
6.8842349738
0.9302061422
1.5622121661
0.3971939059
1.1838808584
6.8837472239
1.1849200902
0.0186989555
1.7736006683
0.0186989555
14.7284641728
0.3971939059
1.1838808584
3.6362875788
3.0812718329
6.8458704329
2.9912462006
0.7347488441
8.0387042676
5.8786579880
3.6879534516
9.3917682927
1.0457680652
0.4143520098
1.0457680652
6.1260540729
1.7494709536
7.2662893367
17.0778674739
11.7911836873
4.8103749757
2.6077856025
0.5602028520
4.9088972304
3.8959816580
6.1655268884
7.0803357770
15.0835161127
3.0739235045
0.8215386097
11.7120064701
2.9925362883
2.7699877418
3.0184056318
2.7806637281
0.4143520098
4.2427737434
1.3145001843
0.9621856277
6.6264650073
2.3132609411
2.3713756501
3.9891669592
0.5523428033
3.0607382427
4.1229740681
0.5453269040
0.0161754038
7.9398713476
2.3628645084
2.7048192771
6.4532933467
0.0448836441
0.8511021708
10.7361824856
7.0053540518
8.3857585464
7.8087852455
1.2405438675
5.6515571225
1.1374925015
2.1140363962
0.0161754038
3.7841903995
3.6584542849
0.0448836441
16.1241165727
2.0278630460
1.8257425743
3.8052568698
0.5453269040
3.1835384473
2.8004156276
2.2144461078
2.3628645084
2.7910289271
27.0485753053
0.5658416046
1.6858460075
1.4040367814
3.9274558304
21.3013572579
6.3478874142
2.5666589291
2.2806426678
6.0674195466
16.4238908920
1.2079000494
5.4544164166
1.4040367814
1.2079000494
5.3668923880
1.8444081595
0.9004829504
4.3497883381
1.4057270936
1.8444081595
10.3750643386
1.4554203839
2.6140254003
0.6364796775
2.2142692352
3.9009887671
5.1059120474
2.8401422363
1.6858460075
2.1961754167
2.3638132296
0.5658416046
4.6360035818
2.3487992539
2.2110056926
0.9048410325
2.2673885306
3.3098231088
3.4550801582
0.6888540479
6.0182335521
2.0592025927
3.4446791602
4.2106485434
6.8754465736
19.2496222206
0.9749327464
4.9229534510
1.9310232457
8.2759339133
15.3384540356
11.5926376191
4.3921320342
14.2950047125
8.8207070707
6.2904506651
6.5455397301
4.6479505336
8.1016030095
0.9235580264
2.8642635877
5.8505125081
0.2595367188
3.4446791602
4.3921320342
4.3158351159
11.5983047033
1.9066348098
1.6293003925
3.8920347860
8.5353571270
6.9543359137
17.1770067449
5.5055940330
0.6753468517
11.7704057279
13.9882193406
15.2921601479
1.4108498653
2.9217912111
0.2595367188
1.1782464855
6.9568841370
3.1402079898
1.5126189637
0.6159651570
6.7113350958
11.7483794932
3.7326330656
4.6465624740
9.5238001574
0.0297318918
2.9732142857
10.5803044753
7.6234963135
3.8792256711
2.8400336984
0.8565497418
1.1782464855
11.7580575317
1.8031834297
3.9405320814
4.0539710182
4.8693032302
3.3072325404
1.5409635829
3.2920366526
3.7209025673
16.6326062709
3.8281671159
1.8031834297
4.2759468439
5.3555072779
3.3755580689
10.6571744200
0.0297318918
7.9809591330
7.8575528518
0.7625260443
0.9567192209
6.5234098260
17.3930069930
4.4924525053
3.8815322771
3.6571099818
8.7359853930
3.5738774071
1.6321993224
6.0376463387
1.8326515837
3.2920366526
0.9755773825
8.1321790370
1.4533972125
14.0272455421
6.1068246929
2.6273346841
4.9354646619
0.6159651570
1.7393750275
12.2550984529
4.0539710182
2.2636609653
15.4281815080
15.3160078231
4.1008738014
2.8372419113
5.5787139690
12.9875974246
5.5971611860
3.2511698495
4.7394145867
10.6647442598
8.3200954085
9.1127600099
10.1267011375
0.1066678166
6.9423300852
3.4865148862
0.6926307044
2.6894219932
0.3445038913
10.5156841309
2.1593279465
10.9530055324
4.0960892841
14.2465719882
10.9356803203
9.9544513458
12.1993532433
3.4826250795
2.2636609653
5.6405035841
2.5911326406
8.0139386525
3.1105445274
14.9462898910
2.2426622039
1.0842042316
0.3445038913
11.1024521330
9.8875858297
0.7706705125
9.9620827437
14.3050931151
0.1066678166
7.9452921839
5.2014192140
3.2995702124
1.7168242797
5.7307969968
0.9543025251
0.6717932473
9.5000000000
1.6380610868
0.4938987282
9.0322042780
2.9189531234
3.8937788502
10.9805525082
9.9546623794
0.7706705125
7.8317872060
2.3253721500
5.2124274496
4.8772830189
1.6380610868
0.6926307044
5.4269263641
0.6680973384
0.5971278228
1.8729973406
1.0507541918
1.9100991496
3.6066974690
3.1154298336
0.9082793207
2.2161812976
0.6717932473
2.8372419113
7.9114237715
2.6339916506
2.6181794948
6.9269462659
3.4826250795
1.8090175782
2.9878570207
0.4162737766
1.6805988266
11.1008349683
0.8208881848
0.6680973384
0.8046312239
0.4938987282
0.9082793207
2.4076842900
6.1706920576
2.9873843070
0.6891941900
6.7160557946
4.7555085907
2.3117673785
0.2940487006
12.2519945515
1.0842042316
2.1162372152
0.2940487006
1.0519780889
1.1181796709
4.7690931609
1.9678786527
3.7240958960
3.9595893403
9.5044651340
2.3923165887
7.9227162949
0.2858003583
8.2087176997
7.5627006929
8.0500833088
9.0621669627
21.2023746234
8.5634677710
4.9992467894
0.7697035627
4.8196037539
5.2409471956
0.9188855534
3.5612823942
11.5670837519
6.3909517565
12.0659951372
3.2433286383
6.6073562360
2.4611247302
4.5763328197
5.7460040146
5.4159760004
3.1741803999
8.6435186950
1.6031112171
4.8772482605
0.3835101259
4.5376747609
0.8701840861
3.1738652499
8.0275970826
5.2971379623
2.5169866064
1.3636118900
3.0615961217
2.4373991143
11.7341337907
1.6379990361
1.7683203907
3.1474728516
3.6499994611
0.8030722740
7.8224073783
10.0330273691
7.7730879232
3.2919668181
0.7838871059
2.2395870417
4.2247129116
3.6574070368
5.7276772133
3.6499994611
6.8493066795
2.8335139035
5.3239134490
8.7246231492
8.3322997416
3.4294298246
7.2589073634
9.1135042335
0.7005273383
4.9368522869
7.8684579612
7.1536077008
15.0753361388
8.3382909681
0.5202493570
3.2919668181
1.3473048535
0.7838871059
0.9403242497
6.0478236200
8.5971261750
11.4904834676
7.7549050385
6.8966638788
2.8335139035
14.8153104925
8.3050022946
3.0785134343
0.9279286919
19.7373259550
2.0800253601
11.4410208939
1.6379990361
0.0576417266
1.8250408181
6.6088433194
10.3500000000
0.2215415990
8.4631114314
0.9279286919
0.3993930993
0.8570559148
3.7549860724
10.8222255844
2.7937205814
8.3518209851
1.5090311430
1.1580779238
1.3636118900
0.5040914404
0.0576417266
8.1562488857
0.2215415990
1.2708812448
0.2858003583
20.1480701754
2.4650643196
3.7486449864
0.9188855534
7.9230576441
4.0370558054
2.2289901130
0.3835101259
2.8982647554
0.6911593423
7.3541782782
0.6376497611
2.8951249806
5.0625110993
4.4873257983
6.2854076008
5.1311642341
10.2920155742
3.6572555128
11.6638268793
1.1657122134
1.3476236715
9.1347206585
9.0022176380
2.1060928845
2.8704466380
1.1132297948
6.5755476887
12.8263721742
1.8423805764
0.7367816547
4.8760842627
0.4156829393
8.9093561408
2.3800794552
0.6376497611
5.5507995252
10.0028002757
10.4339032294
3.4415918649
1.8594207735
2.8331989402
7.2985266604
1.3476236715
1.0498329217
3.0762791112
2.5485137221
2.8283960973
1.1888594164
15.4396887160
0.6911593423
10.3208045140
2.8704466380
6.4031930227
6.9401399694
5.8745760291
0.5322264173
1.7818071620
1.7265070696
15.6577431601
13.8834542476
6.7219398129
4.7031578027
1.7446822566
0.4570820585
2.9889087200
0.5212484536
5.1023210199
0.8045864046
15.8681768287
7.3097889801
1.1657122134
7.8740171472
0.0745754282
6.3256514338
1.1765057157
12.8158687943
1.3662446938
3.3447186224
2.0214002090
3.4385620624
16.1726133689
0.5212484536
4.0636507102
5.7864731165
16.7325284649
5.2056870989
2.2579695929
0.5809581828
2.8438073312
0.4332294838
1.4999328408
1.9014887689
0.4570820585
0.7692585350
14.2026584122
0.7692585350
7.3694468555
6.0972422828
4.5828705057
2.0500799535
14.5869599495
2.3654249438
7.6087854057
18.9879235156
1.9886703893
8.8359890110
1.6162032052
0.0567505419
2.3926170673
1.1439723391
0.9789080996
3.7716305995
6.5351514474
3.6825920612
8.4756874677
1.5294297977
0.5322264173
1.4330244600
0.0745754282
2.4521729980
3.4348265954
3.2701301065
4.8214051215
4.6373217607
0.0567505419
2.9782117815
8.9273004575
3.7419626562
0.0876776666
5.5542875874
1.1609089979
0.4089439538
3.0082394433
9.7603611124
1.0741867248
2.5505863809
1.1751669547
0.4318163342
1.4519301482
1.4532192790
1.2073848616
0.3730797642
3.7335452926
0.9838952537
0.9372451767
1.7355145618
0.6900057734
3.0054448660
2.8374663813
0.6570587950
0.7058121331
1.9174865205
1.0831355317
0.5398822178
1.1632681632
0.2571659535
0.3730689328
1.4075147114
1.8757031827
1.6172027527
4.4233230943
3.8171645570
1.2169811321
2.1310556859
0.4951946845
4.0026169242
1.1171005591
0.0196233298
1.1645287251
5.5348508230
0.9505586221
0.3817065485
0.0529396131
0.4263268870
0.3927880333
0.0897037120
0.3310029255
3.5230081694
2.1405153732
3.7504153406
1.1846812005
4.3395999482
1.0373130817
1.6743716141
1.6219929007
0.9171837209
4.8991858427
0.4277097069
0.8608243151
0.9232258374
0.6051917503
1.7262645540
2.7984311500
0.2514495260
0.2723793774
0.6835996744
0.4169016269
0.0236825666
0.1745731627
24.6735559089
0.1172246705
1.0356402262
0.4768461902
0.1061291034
2.2573218690
1.7804407163
0.1559110328
0.6768690581
0.5315043901
0.0572166359
0.8806317525
18.1394385935
1.0961175149
1.0025103788
9.1239711776
0.3133997881
0.2457201446
1.1207865297
0.6182786262
1.8570990442
1.0297920599
1.1055638660
0.3549730814
0.7221306173
1.3454623435
0.6742654642
4.5695020895
0.3203232363
2.9053690883
0.2381308796
1.0304765523
0.4044068934
1.0564201043
8.7589061516
0.6669159647
1.8135538985
1.1700484197
1.9533272960
5.4383554616
5.8844789092
2.7415052381
0.0112779484
0.5079920212
0.0619592834
6.9187495281
0.6829099645
0.4408176089
0.6239878477
0.9762655615
0.9057603495
0.7378784275
1.3159030315
2.0846171004
19.1055723696
3.5758247010
0.1257732208
0.1607117973
1.7804407163
0.8365544197
0.8466812232
0.9364667861
1.3190193132
1.3686517947
0.7569137927
0.6678414515
0.7040310441
0.6745173131
0.3853221709
1.7104620809
1.0006847287
1.3292488636
3.5197057643
38.4986660295
0.4113749583
3.1901439840
2.5786986054
0.9958822848
0.8628975250
1.3335439177
3.1715783657
0.1130110945
0.3934171066
0.8717912953
0.1972126246
2.8915547225
7.5052120616
2.2784528715
0.5348739445
2.2443788947
0.1449331298
1.9791457675
0.1024949098
0.9411999173
0.9309074108
1.4671473159
2.3071243334
0.1396979710
2.5143709531
0.7769380968
0.9221642266
0.0399909424
1.7508467935
0.7156768804
0.2209706609
2.6437470569
1.2161972271
1.0221280081
0.0899911391
2.0601082260
0.3112371430
1.1550833275
0.9222497322
0.5079922356
0.5997272400
0.1186730695
5.5212110288
0.0742722963
0.3241976293
1.4771100205
0.6560595725
1.0885740152
1.6239579279
1.2987110814
0.0112779484
0.1768446748
0.7526474910
0.4896901352
0.2703012130
0.2819755785
0.8724496038
0.4641871655
1.2553050046
1.5748434517
2.4169599949
1.0345641708
1.8002510438
0.4786508839
1.2277135233
0.8248509128
0.0143112424
1.0474729841
0.9791936589
0.8753786830
0.5549944901
2.9425051123
0.3960848181
0.5087979143
0.4444385555
0.5824042950
0.0617447549
8.6080999243
53.3442983965
1.2506723168
0.9394448698
1.4412908914
1.3768240828
1.3119032107
3.1538666640
8.0459427096
0.5920133554
0.4158130755
1.0541023411
0.9243961669
10.6537079386
0.1486637905
1.0371687429
0.1221617890
1.6368507570
0.6756273972
0.1800241370
0.5493322053
0.1718769968
0.2904829477
2.0005562921
0.0951249065
1.2771853548
0.6718960745
0.1459193452
4.8113055182
2.2725521689
0.1323969838
0.4209573061
0.0571990650
6.4006191096
8.4625439651
1.0604352344
0.1526690128
0.5264309869
0.5232222920
0.8506849047
0.9868296709
0.2895823220
2.9464193382
1.0353450189
1.5000149468
0.3446617627
0.6966295269
1.2783781681
0.3432247063
1.3662763518
0.3281260610
0.8997492381
0.1681301358
0.6971163601
1.0363371471
0.5621492470
0.2681904305
0.8243776002
0.2560335033
2.3237176395
1.0335598064
32.3682635864
0.4836427292
0.1951928992
1.8168078135
6.7546237498
0.7192786071
0.1998869083
7.3656550252
0.4173594095
1.9532727740
0.8772438398
9.5344443265
0.5438426623
0.0310071898
1.7431915551
0.7659501916
0.8575770048
0.3158710211
0.4847564699
0.6291726715
0.3208615039
0.8385528003
0.9278737204
1.2617592767
1.6134208159
0.5201561342
0.8939293844
0.4495301613
0.2465438187
2.3213911761
0.8087525694
1.5481701004
0.3141054792
0.9432093350
0.4291202286
0.1767798714
22.5302603940
1.8498516692
1.1244281891
7.6661181240
0.8430127466
1.5041758221
1.0040304608
0.9697817334
1.4646983216
1.7946589978
0.0397617768
0.6275007560
1.2745575841
0.7094020967
24.6001985895
0.2596895660
1.5168236257
25.0261704247
0.0775956584
0.4459358752
0.3889596358
1.0789441703
1.4628930172
0.3376895981
10.3833178006
0.7637221288
1.8168661227
1.5156870728
2.1675131085
0.8529892481
0.6681756170
0.5683503162
1.1523160564
0.9049164949
15.9361949341
2.8125095917
0.2681353485
1.3533870153
0.5129812560
0.8955021361
0.3218106435
0.0511828921
0.8467501978
0.9920933985
0.8440619827
1.1233392554
0.8364748754
4.0134243984
2.7650199606
0.0366832769
1.8901968026
2.5770765744
0.4481011712
0.9819778833
3.9094726019
0.8384258816
0.2262714769
0.5226407709
1.1378906968
0.4974339646
0.5893573254
0.2904390178
0.6355834798
0.7192596207
0.3799671524
4.0615610600
2.3505028375
0.4348010179
0.9060368941
0.6499173308
0.0589808986
5.2281345774
0.3573730164
1.9771875206
3.9811459714
1.4217234198
1.9897571929
0.1368703865
0.8020343404
0.5381523679
14.5289749104
1.0251705160
10.8921839844
0.9773400787
0.2650435251
0.9910515267
0.9878213588
1.1927262485
0.2604219161
0.5900270632
0.3977859343
0.9236445898
0.4676453948
0.4908527350
3.2080864047
4.7464123538
1.1260223556
0.1341988889
3.0772792339
0.1786457105
0.7323478791
0.5716258994
0.0521811160
1.0050298805
2.0800338452
0.6922856999
0.3749439534
1.6733084267
0.5851414690
1.9853710159
0.7714741551
0.4464567853
0.3922824617
0.2396272834
2.4465688696
0.5900270632
0.3555798532
0.4463808413
0.1228174517
1.2536103184
7.9441858698
0.8750639880
1.6841371119
2.5500802266
3.1323885663
0.0380270585
13.5718147360
1.4584356624
0.9745572776
1.8801904855
1.4507406383
0.4211785620
0.1201833740
0.3038595923
0.3554813916
1.0344633914
0.8857782729
0.9819911026
0.5716322502
0.4563344450
2.9473488015
6.6001437369
0.5669184307
0.4113544967
1.3437953915
1.5027010915
1.0903366068
0.2603477652
0.6399872950
0.8750639880
3.2668350276
0.0500285408
2.5349533093
3.1218745866
3.5770784951
1.3098238787
1.6136282874
1.0683863036
0.3903317762
0.5071329215
0.2427962601
1.0387577420
1.8991320530
0.4401403831
0.4259416711
0.3189555236
2.4794840997
0.9248572946
0.7760560211
1.1472424779
1.9185666658
0.4495901400
0.7771186037
0.2055038899
0.5240718392
0.2306711682
0.7870955872
0.7721294529
0.7596889708
1.4972325147
0.7138767977
0.8721060230
0.9537879624
0.3028437500
1.2185480407
0.3860906907
1.0769532784
1.4481149493
0.4241976308
0.5419360850
5.3600327349
1.8474214327
1.6185207274
7.3710312045
0.5421682808
1.1386265548
1.0697241473
0.0996833076
1.4891812709
4.0104859558
2.2310289694
2.1191975068
0.0448145229
0.0673044778
0.7911124383
0.5432497979
0.8793746013
0.0955138715
2.8106625857
0.1807746563
3.9107244781
0.9553336918
1.1619231889
1.3209363674
6.9904885309
2.8063463387
1.2249127642
0.1274602381
2.4207261379
0.4074707589
0.8219299282
1.5685488580
0.9297074591
0.1190237353
3.6424247563
0.2500720629
1.1521667791
1.3339266139
0.7641510603
1.6018471079
0.3219866799
1.3593300160
0.4426235946
0.2608851711
9.6861984587
0.8779707805
29.2636095468
0.7304169954
0.4209960239
1.8470249053
0.0947711704
0.1122443010
0.9061674086
0.1470031020
0.3166038681
4.7552394079
9.4329177647
15.3497426666
2.4179236740
0.9754579091
0.4903315791
1.2360363457
1.5574720171
1.2174904262
0.9680226004
0.6109974329
5.4918857468
0.1652791258
0.4013402791
1.4730447360
0.5158630798
1.9974460276
12.9407212895
0.6741606568
0.7260463590
1.7978156018
1.0933842465
0.9395652577
14.5867998483
0.6310684283
0.1399249532
1.1242076060
1.8463741059
8.1260874423
1.8906860623
1.4053306525
1.4450840953
0.3657666606
0.8691056775
11.8555959329
11.1205791855
1.5806062513
2.1403787769
4.2385567318
2.4407457935
5.4606933261
0.5799297933
3.9537226636
5.2180608365
1.4293106635
0.9307183193
0.8985693652
0.8985693652
0.1391536547
0.5733630200
4.6356580167
0.1391536547
0.5733630200
3.8183939983
2.9914478748
1.0340255191
1.2315020456
5.7818108652
0.0444443263
1.4814984272
3.9897007542
4.0749522418
2.9267448910
3.2200141680
0.4302778780
1.0080810219
4.4883690959
0.5291886628
0.0444443263
2.5166990023
2.4613836653
1.0531112371
1.1597633136
0.7546140145
2.5166990023
2.9484060403
3.0342814864
2.6622121004
0.0532636732
0.6466426267
0.4162119365
3.7537347216
4.5770247934
3.4609011230
6.2218111003
2.3315358653
0.9967801288
0.9997096681
0.8460325416
0.6466426267
0.4162119365
5.3000943154
4.2738630685
3.5647559145
0.8460325416
0.8807790894
1.8364162356
3.2708324614
2.2654324810
0.0532636732
0.6570227498
1.8184747583
2.4045897517
0.8807790894
1.6509664749
1.9106877783
1.8591629884
1.5685168125
0.4724589358
0.4724589358
8.0300171527
3.9148936170
0.0302388940
2.6392918448
1.0853018590
0.7755731157
0.5126403477
1.9269541779
1.1438178810
0.8348206637
0.4537193576
1.6998824831
1.0392150028
3.9535240754
0.0133934079
0.7264537351
0.1604951678
0.8199030247
0.1604951678
0.5389579986
1.4926983755
0.0302388940
0.0133934079
0.3848159847
0.7264537351
0.8348206637
0.5389579986
1.0853018590
1.6066726177
1.9268292683
0.9405508753
4.3399521639
2.1527072144
3.9075401045
3.8116152141
7.5768334369
5.8754401712
0.4758476409
2.9118310007
0.9161552562
0.4758476409
4.3144298688
2.1527072144
1.2829358835
0.9657940314
0.6609582631
1.5493695035
2.1926629135
0.9065439344
1.2332590322
0.6863543788
1.1003518434
2.7283490026
0.9405508753
3.2633709981
4.2321473844
1.6882268338
0.6409178744
1.5493695035
2.0333259473
2.8130991671
8.1450797741
2.9775967413
0.4573516241
3.0359041498
7.3333588312
6.7651902960
0.9161552562
0.6863543788
1.5317646271
3.3956937799
0.6946382219
0.6609582631
0.6388875884
2.2420031299
0.8433500278
3.3769000827
4.1392493251
2.4417077862
3.0843018429
0.9906286044
0.9657940314
0.7771533215
0.6409178744
0.4573516241
1.9850051394
0.8557255984
1.2704580299
0.4262803821
3.0942231981
0.1371129274
1.1247179701
4.1803302397
3.1451530088
1.3727483839
1.2897610922
2.6001294947
1.6726695285
4.5752971184
1.0859432167
3.4871911821
2.8224302887
0.5544524261
0.9093712419
0.4019347463
0.9227839219
0.0794967824
3.3659023761
0.6431391184
1.6552303418
2.3966000639
0.1988070241
0.2700422977
1.7814934448
0.9093712419
2.5877425945
1.3938675683
4.6867780149
0.8163328062
3.1014914365
1.0592287279
3.6877278977
2.5147148521
5.7293846798
0.1371129274
0.7217391304
0.1988070241
2.1322203826
0.2846463342
1.3938675683
0.2846463342
1.4589365564
0.6283833670
2.9683415187
4.0920245399
1.1527601368
3.4945642160
0.8540292090
4.1803302397
0.8198100674
4.9370253655
0.4262803821
1.2393752656
0.5605032162
0.4019347463
2.6377325916
7.3796169631
2.6001294947
1.2184504381
2.2388021889
1.3328721374
1.6931028639
6.6045814808
0.8163328062
0.2700422977
0.0794967824
0.6283833670
0.8451669596
0.3513191588
5.2396576320
1.4594738349
1.1190768252
3.1781841573
4.5929652880
0.5846862070
1.2404007899
0.5846862070
0.6660603054
0.3512398092
2.5813062067
2.9355473948
0.6326659737
0.3513191588
6.9546726357
6.3832339254
1.3328952615
0.4097485568
2.5778624137
0.0421865521
4.7187216682
0.7676118352
3.6903598972
1.3328952615
3.6882044709
1.6839767210
4.4994713705
0.8283852533
3.1869816649
5.6686222744
1.3239586349
2.2505695865
1.9079710691
4.4839313430
2.2620790630
1.9741605949
0.7311379910
1.6312234897
2.9963822004
1.1285452323
0.4718766720
1.0317402248
2.7173539097
1.0027152832
2.9344890223
1.3239586349
1.0516643154
0.8626153229
1.2816727583
2.4804986999
2.4004030904
0.7945568074
0.8099535382
2.2679108687
0.4097485568
2.5885973061
1.1586163697
1.8640147524
0.3378618769
1.0317402248
3.8904700007
0.0421865521
0.5749161171
0.3512398092
0.4805856627
0.4362757900
0.6305472264
0.3378618769
1.3023964538
1.1005699577
3.9826905418
1.0643080806
3.7347791103
0.1688773278
0.1264140823
1.4603386519
2.2408311204
0.9904303823
1.0315665004
3.0075301205
0.0287640674
5.2201861338
1.5645105500
0.0424666400
0.1492672279
3.2125395456
0.0950461181
0.2534062497
1.9220700416
3.0971474704
0.3210043065
1.4610950026
2.9336889030
0.1703602331
1.9183168317
0.7907427508
3.9950638792
3.8350488712
0.7441387560
2.1768059219
0.8335661356
0.1492672279
0.1264140823
4.1370086067
0.4572226027
0.4133789587
2.6474420756
0.8796054107
1.6178934236
0.0306858074
1.1530482642
4.8257595890
0.5876203292
3.8050390266
0.4572226027
2.0019630774
2.2150621118
1.0779091298
0.0306858074
0.0424666400
1.7693215579
1.4603386519
0.9904303823
0.0950461181
2.1021171295
3.1942061595
0.8800045626
0.8335661356
4.3068469992
1.8674773545
0.0287640674
0.4617548267
0.4011231026
3.0331546275
0.3210043065
1.0779091298
2.1099958335
2.0230257074
0.4617548267
1.0643080806
0.4262634807
0.0999434749
0.0999434749
0.1703602331
0.1688773278
0.2534062497
0.4011231026
0.5662202381
0.0301646944
0.8243085881
0.8452072185
1.2160870727
2.9952333056
2.5732302001
2.6477085936
0.9760765550
0.6468384880
0.3494819428
0.8174121336
1.1635926594
0.2385883312
1.1371560810
0.2532463898
0.5874606356
3.1171199854
1.1371560810
0.4022943148
0.1738011476
0.6544040994
0.6468384880
0.1006397290
0.8511756256
2.4409695074
0.3494819428
3.0923192020
2.0984155727
0.2879343544
0.5221152844
3.5137694164
0.8093288492
2.1474514563
1.8994779056
7.4516950641
1.3778412958
0.4577199832
3.7516345683
6.8867924528
1.3316217013
0.0116820553
0.0769624356
1.2160870727
0.1441851019
2.7886866500
0.2385883312
0.0301646944
1.4232930689
0.1715973159
0.2532463898
0.1670024059
1.5213037145
1.4824774710
1.7512059989
2.0217383803
0.0769624356
0.1441851019
2.0764057868
0.4022943148
2.5145670573
2.6773328645
0.1006397290
1.7827896574
1.6536364476
1.4854549914
0.7607157506
0.8452072185
0.4577199832
1.7827896574
0.5099724610
1.2435270874
0.1670024059
0.6544040994
0.1715973159
3.3374336710
0.3930400570
0.5207612457
0.8174121336
0.6089587511
0.1738011476
0.6841326776
1.6790718429
0.7020744582
0.0116820553
1.2898973078
0.2879343544
4.2957757416
3.6105112005
2.7431990583
2.1642870986
1.6871323529
1.7873846605
7.4202328251
2.2477078124
2.1914747729
2.1794474817
1.0625652558
2.6627147442
2.4281646389
2.2665059596
5.5518894529
2.4956672444
4.0302303263
1.9455125880
3.3570972450
2.8969545601
3.0062319306
2.0879777396
5.0602954318
2.8405072334
2.9174518150
0.8503048539
6.4075359445
4.1185216653
2.9849644867
1.8259688519
2.2268243243
1.9507408891
4.4465241909
0.7594096378
0.8254638464
2.0112245545
4.5119320789
3.2207903113
0.4475512567
2.6208309152
6.0358772479
5.0155093409
4.5997601559
2.8054716753
2.7847449313
7.0193300096
3.8953165451
1.8609365585
4.0745087030
3.0734971479
2.5469344422
1.2414906615
3.3461696026
8.0882559159
1.1334363446
3.2367822626
2.5601938295
2.3328832267
4.3046629732
2.3617744263
4.1452857271
5.8831568672
1.5761911144
1.4378282518
2.7470740234
3.5055956136
0.5132343210
2.4123575499
0.8366892042
3.6502920749
1.2404856496
3.1122095586
3.6363231062
3.1513142127
0.3927941024
2.9028973336
1.1403284963
1.1737027083
1.8865418319
4.5179237632
0.9448791961
0.8376017939
3.5582383710
7.2351764824
2.4199921368
6.9465211245
2.6779651645
8.1338052788
6.7272814051
2.7572980563
3.0862127660
1.3950514172
3.8125388472
2.8552130721
6.0136123527
1.9638463280
5.6422018349
2.6931093255
6.7223190089
2.3853483425
2.5971921229
5.1786990267
1.3720400729
2.3903073514
0.7856241427
1.3647133154
1.3553953236
0.5430116542
1.1967449167
2.5059881657
1.6457246674
1.6773565308
2.8645571890
6.8851768465
4.4844921954
0.7387869615
2.4015858381
4.1969116138
6.7674556799
2.1682705527
3.0664137271
1.3270286207
0.3953444926
2.3002338725
4.1510552525
1.8189989785
2.4002044621
1.1034301254
0.6324379080
1.8098372186
1.6456994870
2.9768913662
2.9760241230
1.5814008895
7.5289701636
3.3206838328
1.7842557765
2.2253157771
2.0092344662
4.0906127771
2.2674742813
1.8921093686
0.6963832209
0.7047471704
2.5507396654
2.8574660633
1.2542169114
2.5270018622
3.9636471990
3.9967377374
3.6346470467
4.2653102337
1.2986171382
2.6110017371
2.2540804783
3.2398054620
4.0017522865
1.9317666008
0.6220269896
3.8473012261
3.1135694951
0.9395311442
1.4202154435
6.6665469241
1.2924236871
1.0823787802
3.0662832101
2.9428452480
3.3958627336
1.2516088852
1.1165048544
1.5804580035
5.3437420665
3.8177730288
1.2148019272
3.6218745206
2.3863328386
0.9043580288
0.7385965802
4.3730917874
3.2466207378
2.4500819864
1.5883065214
9.9549855275
1.9239924670
0.6432354054
0.5407282282
2.6608362404
5.4898607607
1.2385411533
5.9215042671
3.4686991075
3.0726902620
3.4725517361
6.0963168768
6.7146050671
3.5347318628
1.4274419648
1.8076532831
2.7891871456
3.3861381694
4.1667897019
0.5936259820
4.8243319485
5.6523554744
1.7239798936
5.6356803797
6.1301758630
4.1019009037
1.6948709069
3.1237833094
1.4740259740
8.1856342504
2.7858637526
3.6179782552
0.7567549379
3.1667289720
1.0080961309
3.0673942394
3.3231817059
1.7727750971
2.9395671206
2.1183360798
0.8046492659
3.3334659373
1.8297994869
3.1218940749
4.2157644459
1.5602586714
0.7050021377
8.6009488185
7.2953784327
3.5189593136
1.5065792533
1.6107696810
7.5211847628
2.1165641913
5.2390355913
1.4077458147
2.5595944213
0.4967164638
3.8777076761
2.3505809627
0.6225482442
5.5483458438
0.8829792033
1.1967006144
3.3827761101
4.3880126183
2.4050956401
4.4050868486
5.0466230085
3.7482923907
5.0714780528
4.5680755564
1.6891364097
3.7928712660
0.8087628037
2.2641727900
1.2432283465
2.4668871842
0.9620563674
1.3296082744
0.8063339325
3.3888218595
1.8404942042
7.5593759316
0.5926269512
3.4305560490
0.7752614129
3.8927913545
4.8461959496
3.3379459945
5.1414325439
3.7789218329
1.7089332101
5.3985712160
1.3745422351
1.5985811029
3.7547129300
0.9860009032
1.8953662182
1.9397796162
1.7664142342
2.1266493543
0.7891825446
6.3013111775
2.0027739809
3.3000509597
1.8273581622
1.7278193479
0.9035121154
4.7707731661
0.8301935389
1.5904882155
4.6539990238
3.1295073952
7.3712930905
4.2194043321
2.1575582414
0.0151574034
1.9531756513
2.1702047541
5.2015130674
4.2906701545
5.4108117626
6.1614076909
0.7674905266
3.2898809524
6.6730051861
2.2578050874
7.7705415728
0.4808374861
1.0680601050
6.4612975391
5.2888031509
1.2089578662
2.9841511073
2.7913588538
3.0261477046
6.9395753437
4.6763634192
3.2367202897
2.7333511023
3.0956644675
3.7904464564
1.1271611174
1.8746282433
3.7745098039
1.5433431585
4.1801398778
5.2871982234
2.3910008591
2.3161050528
3.5322615220
3.7473611945
0.4379408675
6.9587619312
0.4518122536
1.8971346705
3.9773563544
1.5846893735
1.7674608239
1.5190731998
4.8876767677
3.7580397403
5.0481189039
1.8057855499
1.7972654926
3.9258095199
4.0114187720
3.6869209389
1.6175042287
2.4445158526
3.9234991424
2.9270982143
3.9705661408
4.5075656100
1.9162891392
6.4692817249
0.6307443841
5.7405080214
3.5895916155
3.2436616656
8.5193891558
3.6372293151
6.8796471927
3.3509951408
2.6682665935
1.5629811393
2.1543534519
0.4265601678
5.4789291756
2.3602344742
6.1276279070
1.0100066255
2.9500893921
1.8516449993
2.3602344742
3.5545889353
4.0074650938
7.7878967665
1.7972654926
2.4272138560
2.7288913618
1.8746282433
6.8241941824
4.1060226894
3.7072925704
2.4524982711
3.0159570946
1.5212739015
4.2321612082
2.2893596819
3.6716282447
0.0151574034
1.2007111111
3.9918907384
5.6350614780
1.2202392626
0.5914641668
2.1847210994
1.2021968169
1.5440774989
2.1212536636
5.2469210755
1.5811381667
2.8432738200
2.0059627886
1.4787849566
1.6866678120
1.5508522727
3.2119959984
1.4259679992
2.3463257413
3.2601083032
3.8023845007
1.2317691361
3.9599279604
1.0100066255
3.7906076011
8.8794714488
1.7755102041
1.2345830413
4.1681199576
2.6952315432
3.0498854087
3.7417561051
2.6738175830
6.8516438130
3.9258644026
5.6447879709
1.1296737612
4.5460985179
4.2406976744
8.5807909605
2.4825263439
3.6473240875
4.5537251966
0.7326124935
6.6133083141
2.8635652494
0.4258638172
0.6460316147
2.4447188450
3.4488475536
1.4057235342
3.1784041955
1.0744558567
4.3392749942
3.9194611773
1.5612083676
0.5562385991
3.7948803469
1.4614834816
2.6895530805
3.6564055030
0.7800972813
2.6089562404
2.4350474571
5.4893201990
2.4781143061
5.2096483580
0.6473722041
2.1822397632
1.2117103129
1.8417321820
1.8785486951
2.5656147144
7.0577334284
2.7292704954
3.6293652666
8.4015430475
0.4610847545
1.6977127859
3.1994339432
1.0864832591
0.4281517748
4.9230545539
1.9306433409
2.2189388852
1.4394757132
2.4800812684
2.9796059933
4.1910535690
2.5379344643
2.1294621189
2.1481516409
1.6176836862
1.9293780081
3.6123651419
4.3768096241
0.9447983825
2.0484618010
9.3058376839
3.9982129856
2.5432975245
0.5813617109
3.0089714973
5.8183980359
4.1047891936
0.6837491934
3.7429729835
6.2486787204
1.3995610638
0.2480516661
2.4051498884
1.7298777918
6.1082003584
4.1522727273
2.3799692721
1.6592389993
6.1805893712
2.7321814255
5.5973821990
3.5894299820
1.5583452893
2.1244963062
1.7049497036
2.3732695266
5.4506552007
8.7921503049
5.6296841279
0.9743899806
1.1562165228
4.8332399496
3.3208759819
4.0658528538
1.2014172799
1.3373346184
1.4146811380
3.8618257947
7.8649430035
2.4051498884
2.3686793109
3.5273257024
4.9492573378
2.4233934909
0.5798584545
0.7960591495
1.1639386189
2.5255755621
4.0986146405
2.8834948011
9.3369503141
1.3781340794
4.5495328676
0.5562385991
1.6378531802
3.3456147038
0.5673508172
5.1653818747
0.7725704060
1.9759260904
1.9419744345
0.7800972813
0.7946738979
2.0434545888
1.0933940774
3.2597895856
0.3871431505
2.6764131143
0.9219603235
3.4086094029
3.5422011567
3.7884587219
3.2594094445
1.9723877279
2.7792698970
1.5275550712
0.5809551229
7.1386573058
3.1841184161
2.9762887689
5.9718578781
0.8499688085
1.5058627367
4.2740832225
1.7043128655
2.8637100259
2.0951180258
1.2929059137
3.0608425804
2.4393124592
3.9630070364
0.7334158246
3.0652994939
7.3221681458
1.5787127762
0.9303155123
2.3310231134
4.0043768588
2.9642354832
2.5310637075
2.7849514732
4.8206422576
2.9270152505
1.9206710006
5.3217307486
3.9052552553
2.5116776674
6.5003110835
3.8663637788
2.8992727431
1.9838856650
2.8032568700
1.9287309937
0.8502420735
5.2531823442
2.4195285069
6.9403739262
0.2480516661
0.5309848077
2.6762947490
1.8417650492
1.8948787062
0.8222375172
1.0162633210
0.5570613017
0.2960940279
0.5325734773
0.5515725069
8.4022375293
0.8501427471
6.4130918972
3.3701733983
1.1253678280
0.1888950284
6.5555201402
0.0782103623
1.6885391022
0.2128886139
1.4538933813
1.5356518172
2.2146426748
0.3079163875
0.4965299643
0.0474741119
10.7764711183
6.7400466694
3.3220028741
0.1199331196
0.1169255830
0.1221764842
0.2384090678
0.6657395584
1.2376355016
0.2482866368
0.3774296767
0.2256638659
2.2566866825
2.1629663207
3.8616948503
0.1627617693
0.0699775520
0.3618754253
0.2648444698
1.0676749454
0.9356824297
0.0366960264
0.1406525125
0.8531343277
1.2346424302
5.9954700335
1.0276442627
0.4587665251
1.0188474354
0.6911866774
1.0225751207
3.4725533439
1.2150923104
0.6355236839
0.5600621630
0.0872216700
0.9105129465
0.1700016534
0.3330150428
0.0186887012
0.5761125095
1.1683893612
0.3415250073
14.7289696490
0.1463801941
0.6647304384
1.7573135255
0.3586384392
6.4035782573
8.4588341202
0.3270201938
1.1962866298
0.6859676059
7.6413280799
2.4608952263
0.2275337479
0.5263734356
0.4791284226
1.1792729860
0.8995715166
0.2307676289
12.4321845470
0.7331495927
7.4759714414
0.0169178038
0.4283753252
0.0498002256
0.3210401891
0.4214607597
0.1278112097
0.0894052057
0.2873366625
0.2648762333
1.3071502744
17.8118466899
0.4946224124
0.5274101677
0.5209001760
0.1149915903
1.1755454157
0.1878007564
0.0757794660
0.6547295840
0.1890418559
0.0987609127
0.7635141874
0.8475312636
0.1712177831
0.7217865050
0.4746413253
0.5011360482
1.9406843335
0.6617876478
11.6679229081
1.4342098708
0.3026285894
0.1935278202
0.0872978944
0.1527962387
0.4846966689
0.1116115941
0.1015582484
0.3225959576
0.2119080236
0.0945829773
0.2773772333
0.2508912000
0.5121052058
2.0651420974
1.9522443658
0.5197723125
0.0462379160
0.0778563989
0.2102560267
0.1430519345
0.4249138267
2.4431779091
0.2066710221
0.4163142256
0.9562247071
1.7018512469
0.1394435231
0.1017198572
0.3810939298
0.1016704798
0.2923532035
0.6835563590
0.1580369781
0.1406525125
1.5068055808
0.7833973258
0.5547499363
0.2252672179
0.0462379160
0.4225953036
0.3516406787
0.1599062578
0.3371585351
0.6442277985
0.7576381880
0.1714961075
0.0701291273
0.0928084972
0.3437695795
0.1942384702
1.6399969440
0.2889528294
0.3651991183
0.0159790153
2.9135385410
0.6515451826
0.2401280255
0.2943564346
0.6908515731
3.3956539278
0.1994998920
0.0860679500
0.1169255830
0.5223782411
1.6885391022
0.0650593508
0.0128020336
0.1702090221
0.9674530695
1.3759597055
0.0340857148
2.8267463235
1.6003481667
0.1345576758
0.5349750302
0.5901725078
0.6534032440
0.0928435554
0.2690674994
1.0338679031
0.2116217230
0.3835990090
0.0736611861
0.2683266702
0.2419933325
1.3648650681
1.3720159463
0.0369246326
2.0640539474
2.1164244978
0.7638727371
0.3976133752
0.9284654281
1.7294565037
0.3817978584
0.0665361515
0.9266741924
1.7898237062
2.1798356243
0.1152052200
0.8326197528
0.0909669601
0.0500918997
0.6764327588
0.5259593603
0.2542197062
1.1308131532
0.0597874353
1.3708103773
2.7868657015
0.7693543789
0.2824331434
0.0197766863
0.9398141148
1.0969581644
0.1716991681
1.3461610520
1.3956871024
0.2837246597
0.3959185490
0.4751445920
2.4181022221
1.8027013519
0.0558125649
0.0633630600
1.5483816786
0.0394363302
1.7087977102
0.1540865446
0.3909776823
1.1082640606
0.4401880489
0.8477156278
0.0753309165
0.1106337238
0.0346154933
0.4472115393
0.6192245549
0.7675778795
1.2726986138
0.4592666914
0.3875271631
0.0814009042
0.0324879094
0.5161088858
0.3269259407
0.1644612658
0.3166214482
0.7965002627
11.5679290038
0.3875271631
1.1020923111
0.0731984082
2.3893820266
0.5169135129
0.8559321052
0.1802215816
0.2768539134
0.0662490313
0.9255200814
0.3288515224
0.2980987582
0.1752677947
0.4740212747
0.9705471299
0.7076400299
0.0774622119
0.0820971401
0.3307139489
0.5874365711
0.4361596694
0.0838612582
0.3157698642
0.3601033873
0.0719743050
0.3692010558
0.1269018074
0.1985258548
1.5540337494
0.2340515327
0.1724387837
0.3274524098
17.5177744953
0.3447618606
0.4958872960
0.2739249959
0.1390204829
0.4685011783
1.4213551533
0.1641250127
1.3708103773
0.0500918997
0.0489252465
1.0175226121
1.3856384739
0.2385732306
0.0703359853
0.0202668866
0.0415603009
0.9269568764
0.3629733800
1.1685048889
0.1728214482
0.0143098651
0.1607066300
1.4868352776
0.6245514104
0.0526712187
0.0727427952
0.5690650426
0.1607906101
0.2801574069
0.2093042294
0.1884746416
0.1466032137
0.3487035631
1.1940810957
0.1731892754
0.0841339935
0.1460002295
0.3150848005
0.0749029479
0.5999939124
0.3144103855
0.1086745616
0.0279923083
0.4778109791
0.2060745703
0.1818446772
0.4302250433
0.0946238063
0.0904354352
0.5636315653
0.1142511155
0.0928349728
0.6135100200
0.2446712310
0.3993697997
0.0987076653
0.1177467425
0.0337386263
0.3599317819
0.4606089108
0.5195507154
0.0455654110
0.3166214482
0.2707436607
0.0367203712
0.2085511519
0.1105581167
0.8817534494
0.0412736596
0.5231599544
0.3091634750
0.0137564987
0.1939993152
0.0776051146
0.2669387148
0.3062155268
1.1817113269
0.1559832091
0.9705471299
0.2307489438
0.0839419831
0.1852786304
0.8548260699
0.8946067721
0.2483554829
1.9181414511
3.1288108356
0.1818006240
0.0728975176
0.0498851958
0.0454743333
0.5441814346
0.2800354599
0.0398519258
0.1140714025
0.3029291674
0.0861504368
0.2194550483
0.1232139145
0.0737963023
0.0473888988
0.6618346288
0.5031205696
0.5929862965
0.8933086258
0.3598325936
1.6103975371
0.9606698129
1.2365281659
0.5534392061
0.5378131117
4.3608620443
1.4904443333
3.9332646469
0.0487659119
2.2408430240
2.1484973370
1.8136220496
1.2229418859
1.5353201812
1.6007023779
1.7978543877
2.2605075041
0.7196760761
0.5412527897
0.5321993087
1.0105418485
1.5855309586
1.7163732067
0.3153491150
0.3996361789
0.0123784219
0.4945100966
0.0894227713
0.2079437600
0.8129063691
0.3925129107
2.3294914082
1.1138963202
4.7743104194
0.1195146044
2.5029348252
0.6027667369
0.3016150685
9.2221950899
0.5043066745
0.0880700164
0.4804918398
0.0365754235
0.5037403743
2.2633648895
1.0629735490
0.2398118279
0.1994970810
0.4670490726
0.5418697602
1.2360865028
0.8383928743
0.0838852292
1.5458145044
0.1460866550
0.4882792791
0.6130826702
0.1330823502
2.4455716305
0.1924686535
1.2448754221
0.8448144659
0.1566295335
2.1046676642
0.1721838193
0.6544309413
0.2244513644
0.2602008697
0.0623940633
0.4858342543
0.8013922749
1.2572657170
0.4952896496
1.8974264172
0.0366821544
0.5383819885
1.3267912110
1.2570964737
0.1044635123
0.4839806370
1.5458145044
0.3783186749
0.0856820841
0.4419325657
0.5115729511
4.2829881464
0.6551582049
0.2217674167
2.5208811711
0.0647439038
0.2313592005
0.2347192123
0.0968011279
0.9044878253
0.0817339874
0.7907760696
0.2662863575
0.4309490776
0.7151494196
0.1699489195
0.8211421666
1.2147761225
0.3761644931
0.2063900886
0.1826965258
0.5237641579
2.4604644214
0.6867099181
0.0551618226
0.1343535912
2.5744969017
0.1341024567
0.1543703445
0.2942361864
0.2764794729
0.2708768180
0.8129063691
0.3273296085
0.7142343586
0.7996181688
0.0476053056
0.3209029628
0.1301624744
0.7301979555
0.3131556000
0.1007391232
0.0828790501
0.1984528067
0.1575250649
0.2437060936
0.1816800607
0.0516890080
1.1314180910
0.3744941121
0.1784187324
0.2632852982
0.1072056239
0.2681027811
0.5534392061
0.4702496137
0.4655835032
0.1907486013
0.5828115790
0.1594864988
0.0472264236
0.0175132857
2.0690023711
1.2572657170
0.1425870982
0.6758563405
0.6502463054
0.0830922039
2.2906607787
0.2482900310
0.1874229674
0.1794589779
0.5215615389
0.5181525298
0.3283980411
0.8014578097
0.0845917379
0.2902114736
0.4883512445
0.0448089430
0.2568347393
0.2838832054
0.2941054086
0.1556280882
0.1405204040
0.5321993087
0.4648190847
1.0028766377
0.3586145900
0.4667640008
0.4627169657
0.4954426122
2.2230496087
0.1257068465
0.2890335394
0.0215873270
0.1899072712
6.2438160338
0.3456807683
1.0944186171
0.3090608909
0.3609345137
0.2394308580
0.2904285442
0.3821216100
0.0932471176
0.3002663074
0.2708768180
0.2331589379
0.0324910024
0.1861635766
4.2885616807
0.2517272798
1.0820121072
1.7093896714
0.2517272798
6.0144483706
5.3587331825
0.3849555750
1.2795403701
0.3849555750
0.9494387653
0.2915753698
0.0767641026
3.6966173913
5.1172812636
3.6966173913
4.8270184136
5.4414240482
0.5943654822
0.1736272354
4.5489225393
0.0767641026
0.1736272354
2.9125028782
0.2915753698
1.1779163232
1.6205090663
2.3108413039
5.5284110476
2.3108413039
0.1748948569
3.9105478941
0.1748948569
0.5471528047
0.5471528047
4.9158077355
2.7429933713
6.0806125032
1.5562567132
3.7597243971
5.3905464569
3.0421571136
1.8771596012
1.8010960334
2.2717674898
2.7277685950
2.9535510150
2.4361206093
2.9450275442
3.1042014005
1.5168539326
1.0906550761
4.6291973321
1.4518957538
0.1509106773
4.4517893421
4.4999659099
1.8915094340
2.8665713605
0.8252096294
0.7693237350
0.8074225073
1.0170145588
0.1509106773
2.3379423483
0.5331058748
1.0434958527
2.3750801329
6.8240866035
1.1058236792
4.1886607055
1.9123706782
3.4662295082
0.8716506443
0.1715827977
0.9630593653
0.1715827977
2.2974886355
0.6613336317
3.2563042580
1.2831850117
1.6617647059
1.7624752297
0.7538426506
0.8167405616
1.8659404320
0.9118878989
0.2356830690
0.9330537183
1.0914494265
0.2356830690
0.8849557522
0.5132943230
0.7329196083
0.0226769797
0.0226769797
0.5773338722
6.0608690184
6.7300533944
1.6703772944
4.0384535762
1.8031760985
1.7238601098
3.1987096774
1.3604186072
0.2616306386
2.7513019179
0.0456352870
1.8046116505
1.0540431376
2.3915106960
2.7754400522
0.3244435870
2.3915106960
4.3965030507
0.3244435870
2.2998095440
0.2154026315
3.5100647017
1.2911686801
0.9375979742
0.2154026315
0.2616306386
0.0456352870
5.0723234279
1.5561315806
1.2103393360
2.9860793113
6.4450856943
5.1647551679
5.4831063384
1.6927229540
1.1329355315
9.0563754427
5.6471912924
5.3305952635
2.2163012639
2.0580978426
0.6354191403
4.0053355565
2.2778975096
3.0586298594
1.9306193569
5.5698315583
2.9529350726
1.1638896952
2.8430540487
0.6068171074
3.4189968213
4.2770240214
6.2679296346
4.2396015863
0.6068171074
7.2574043692
0.7442023137
7.5865209472
2.8430540487
0.7837194740
2.3903931467
3.5686105731
1.7578243485
1.5374111485
4.2590460526
4.7548744702
3.7778031124
0.0647209423
0.5588680387
4.9077379404
0.0647209423
1.2684283727
3.7120424638
4.1548617583
1.7953801923
4.3500000000
0.8173791822
2.7847192908
1.5900915317
1.1810680458
2.9742672354
3.9252505135
3.1702419227
4.5303935821
4.0899716577
0.5756058251
1.1294583884
3.3345896147
2.2378162447
1.7712349265
2.2378162447
2.4261778368
0.3084523576
2.2008748606
3.8365727886
0.6047728208
0.9786476995
2.0624759856
0.9786476995
0.3084523576
8.4763839971
0.8803515685
2.3598273833
2.4638916202
1.3277554550
6.0614439324
5.4628734622
6.5890462701
3.3411166402
0.9610510949
0.1760117809
1.9573395734
2.7217438105
5.0413861880
4.0375926475
1.2395124505
4.9162044918
3.8564871481
7.7018819158
3.2386235850
0.1760117809
2.9222614841
0.8803515685
2.9382615760
1.1838193658
1.7927704877
0.6478781989
1.4207563764
0.8222297988
1.8821243523
1.5989678529
3.4151430565
3.9828925018
6.1734032412
3.1045583312
2.7460571075
5.7662826240
1.6718478318
3.8840468554
2.3356387307
0.6336259080
1.0823094596
1.0175478578
5.6529093369
4.6087074094
2.8303007599
3.7417153996
5.6906440244
0.6820331643
5.4920099032
4.2844333748
9.0411035511
2.9323321766
0.7477753683
0.9626662121
1.1145633726
4.6061507266
0.3046703938
6.3807847968
2.4315056260
2.1657382809
1.5986748699
2.0375736050
3.9342148760
0.3046703938
1.7545723742
0.6612501985
5.5567659875
2.5788256726
3.9102424408
3.0050673001
4.7902146857
5.0482214888
1.5096456191
7.3593983713
2.3846153846
7.7427669648
0.7233391346
1.3806451613
1.4257665877
1.0254379426
2.8662538700
2.5550683083
3.1949222399
1.7196088998
6.0078604582
2.2586027112
2.8038687326
2.0185152990
4.1384544618
2.0590447965
6.0669097828
0.9588629697
4.8584421867
4.7627199491
2.2817403709
0.9279921944
6.4158442251
1.3064116188
3.3604747240
0.9279921944
1.2819251172
0.8275855658
2.5371517028
2.9227053140
5.9729766993
5.0501838418
0.8275855658
1.6998011928
0.4867037532
0.4867037532
1.4740672217
4.8655267047
3.4834276475
2.0626958322
0.2719466339
1.3935636256
4.6030560861
1.0884060946
3.3564692569
2.9324125771
1.2027691243
2.0626958322
1.0884060946
1.9220179636
6.2478599222
4.8972671725
5.1487681245
1.6625227651
1.1415292545
1.3723350680
1.1491912995
5.2995422205
0.5353319058
5.7341992852
0.2719466339
0.8489685033
2.4334613097
3.8326168726
1.8842668613
1.4043349754
3.5353041259
2.5846685083
6.3444600696
1.9006283069
1.2748676890
5.8250449000
0.5598966376
4.1183620045
4.3204579083
2.6328285560
4.1675049535
1.2240855203
0.4637853194
5.1461979001
1.1928794274
1.8490389123
0.5598966376
0.7914507772
2.8649366416
0.4637853194
1.8083358381
1.3116218748
4.9370358235
1.9960008725
1.6546533991
7.2605214837
2.3676730780
5.1844077164
1.8258562754
3.0926048201
2.4755757864
2.0963580378
1.0504669183
3.8488221735
6.8646394879
1.2522533422
1.7713006792
8.3180124224
3.0630462299
2.7782371424
0.6667827333
0.7191657677
5.6916177430
1.3082844895
1.1402906420
5.6870768678
1.2750336617
3.1824930405
3.8538297433
6.4297415507
0.6667827333
8.8508440914
2.4214456392
5.3492535538
6.7192007090
1.9217130222
1.6450558431
2.0557511116
3.2472920696
2.4992280325
7.0252016129
1.0115769712
2.0557511116
1.9217130222
0.1472166145
3.1915910508
1.3916820064
8.1246681742
4.1793107470
0.8010542890
1.1862456965
0.1472166145
1.0059240975
0.7285324604
1.1725064168
0.9519577228
5.0650088429
0.9889372042
4.5346907016
2.7223264540
3.3637685374
2.5696599538
3.9565608942
5.7312011558
2.8892268386
6.4503663763
3.0435374150
2.2060248748
4.3308308308
2.7188183251
1.7546158428
5.1506054072
5.7007935475
0.1952364500
0.2163231798
4.5669212886
5.5860637509
0.1952364500
2.4492223239
4.5830396641
0.3576897388
0.3576897388
2.8324912787
1.5259270899
1.5695216908
3.7359442746
2.7094566397
1.2295727021
0.2163231798
0.5145091583
0.9996077295
0.9996077295
5.6244197185
2.6662958281
0.0667048215
0.5248572911
0.0667048215
2.5156454164
4.9026002011
1.4663201944
0.1931355320
2.6610903365
0.0465556724
3.5087924165
4.1943750000
1.7522579840
3.1946951053
2.1705674005
1.1404727232
1.4247921391
5.6055348680
0.1931355320
6.3277182236
0.8775237246
3.1627445421
4.2149398970
1.7522579840
2.4103784813
3.9704000000
1.6412645082
1.4895275207
0.8915039672
3.6683463595
0.0465556724
2.2649301965
0.8862534012
0.6690182949
1.3626949393
7.2765957447
3.1118551113
1.0038175923
0.6148170919
2.5820146662
1.1427354047
1.1427354047
4.4889908257
5.6612503443
0.3018295431
4.9506124504
1.6116929007
6.4582769508
0.0136287781
3.3955906497
8.4583089811
0.0136287781
0.0743834241
0.3018295431
1.5825311943
0.9235551075
1.1114611461
0.0743834241
2.4762243848
3.3990541090
4.5213701749
6.0911757364
1.4948529412
2.7258042985
1.8131437519
7.4919765166
1.8131437519
3.7069976655
5.1830555556
1.9652107669
4.7662686051
1.1193338978
1.6913411012
1.1511204129
1.4873727357
3.9313682742
2.5920217588
3.6359741749
5.6458585859
5.6766392421
1.1042157235
1.7537279251
4.8327346860
1.4432963710
5.3757373826
5.2947401674
1.1511204129
0.8212522577
2.5961061374
3.3231800875
3.2952688751
4.4460472352
3.6138771186
4.9664025906
1.4351725082
8.8381275192
0.7101164852
5.6765894473
3.9134396936
1.9814599483
0.6983888889
1.6635277760
2.5033489953
3.9134396936
4.5063908210
3.2634804937
0.7301438399
3.6875307629
3.4299936184
5.9647427353
4.2216551221
1.1262269459
6.1721454079
2.6439659158
1.1979472141
1.6947656503
2.6762851940
2.7579426735
6.1455986133
9.0506037423
6.5141530494
1.2019444444
0.9848335631
0.4095595800
0.4095595800
1.6947656503
5.0143724818
1.2202934173
1.4988359863
5.5361646034
3.1681023232
4.5837931034
5.6468345656
2.7114438817
1.4988359863
4.4656711900
2.9921578090
1.4362111495
0.8963967783
5.3670520231
3.2091278807
1.2924342329
5.3400125672
1.8756057269
1.6035972492
3.5134781075
4.1785628455
5.0664523044
4.9946369039
3.5762487595
1.7300212057
1.8646986470
8.4922016685
1.1477075784
1.1376455937
2.3589479425
2.5649057020
2.9857033444
0.6393033446
4.8455366631
3.4709519935
4.6666134185
5.2346129101
3.9030286929
1.2677513402
5.3242671010
3.8521715913
4.4930500711
2.1612116779
8.5482813524
4.7178638635
1.3081165685
1.7863563668
3.7291205752
4.1721135029
4.7586063659
1.0581522336
8.0869238006
1.0581522336
5.4762521030
6.4604343864
5.8861014994
3.5011451563
5.3492106994
0.1663329870
0.0519097318
0.0519097318
1.3698103956
3.0070153061
2.1199738048
0.1663329870
4.6324352809
5.0002754517
6.2814070352
3.3694798526
1.7475406276
5.1543796171
8.6854324432
1.7475406276
6.1870773854
0.6752223228
2.9785159888
3.4675470849
0.6381213707
0.5330206279
2.5017127198
3.8144338381
0.5279831045
1.1119592875
4.8432337108
3.5076650943
1.1514321704
0.6787023212
2.7509764099
2.4450867052
2.3812529890
0.9738046548
1.4928306551
0.6048617731
1.5183077684
1.7365412837
3.6622138404
7.0783468371
1.9770745352
0.8201427048
6.4470832155
3.1345595951
3.9959562936
2.3526026545
3.7713891761
0.3101157868
4.3915112152
1.0426511985
2.2285446596
3.1202253768
5.2631625364
1.2867031588
5.9688946015
2.2285446596
4.2487119769
1.1632730629
1.1384704519
0.9978876215
0.3101157868
1.2867031588
1.0348565356
1.6779383053
1.0385912832
4.6089289927
4.1629504027
2.1762288845
0.5904249710
1.1306739158
1.7965084057
4.7806508647
4.0350167836
8.2135974304
3.2816053101
2.3173010662
2.6588507075
0.7594723934
1.9789126016
0.9191898448
3.4786906498
4.4201942891
6.4318639697
1.9936767714
2.1206380857
4.1680387409
1.5419386538
1.4129345905
0.8514646823
1.1610201751
2.9435701243
3.0460598572
0.9191898448
0.7594723934
2.9792433001
2.3173010662
3.9876592357
6.8653863252
3.9460459564
3.3519244065
4.7122439257
4.4533954727
0.8204573058
4.6547732621
0.5217171313
0.1115880994
0.9084601058
0.8422803052
0.3242646283
0.4560145959
0.2531801938
0.2306762500
0.1658684362
0.4540838199
1.3998578035
0.3032739856
0.1730753867
0.2849278187
0.9024852136
1.1096645533
1.0145603596
0.1540177632
0.0441083762
0.0399197892
1.1530697441
0.0441083762
0.1632527748
0.1248401108
4.8661276819
0.5859525168
0.4506863003
3.1645713555
0.8000527873
0.1882501234
0.0508135846
0.2465407109
1.0071248058
1.1918738445
0.5696107060
0.3658444146
0.0416377866
3.4244904493
1.2039300019
2.4925436800
0.8020403589
2.4925436800
6.6848994989
0.3291719730
0.3063302206
2.5647458280
0.3143643840
0.6979794337
0.7006124760
0.4710028702
0.3256695204
0.6164254271
0.4163849662
0.0729644745
0.1965841359
0.2235656951
1.4507293754
0.3475281104
0.0664876042
0.0367312023
0.2503018352
1.6141995165
0.5714324914
0.4234884118
0.0325276018
0.0349707773
0.1197000492
0.0612428600
0.1275792560
0.1370861481
0.3079761663
0.8410646134
1.1167600377
1.5854975491
3.2604042652
2.3360251103
0.4628130466
4.5386705439
0.0898358188
0.0300690574
0.4964881494
0.1756160411
1.9811312738
0.0253511989
0.2333949355
2.3360251103
0.5211739731
2.6672220717
0.9846765003
0.2033718273
0.1728505802
1.5986080126
1.3069346068
1.6766912629
0.2742177271
0.1468689164
0.0733434650
1.1691110793
0.2659994497
0.0439030417
0.6680892430
0.2230996251
0.4553292095
0.3109435131
0.0315015630
1.4005083599
0.7507751681
0.7507751681
0.1791385821
0.1972646902
0.1616961011
1.9747511411
3.4729571570
3.2486758126
0.8932315217
1.0677538433
0.1282219359
0.0793635745
0.1053549384
1.1904184017
0.3867110782
0.4105740922
7.6835265049
0.6654757662
38.7765936135
0.3844108109
0.0799751705
8.5635704168
0.3051493406
0.8552244505
1.1606215031
0.5024725261
0.8589554356
1.7392719390
0.5879353703
1.6844143389
0.1775777367
0.0363667233
0.1318854774
0.2389562025
0.0972591052
0.1943624373
0.1521860377
0.2963772811
0.3541388068
0.3804430577
0.3987883600
0.6001517875
0.2422021401
0.4479243164
0.1191090609
0.0465765306
0.7094430898
0.0270088968
0.0395796089
20.2650735413
0.5586021392
1.6998190955
0.0813979678
0.0822796500
1.6038220534
0.0128274693
0.3094481714
0.0149103172
1.3476983451
0.5161851312
7.9618621307
2.4783760677
0.6857007031
0.2689527338
0.7955473069
0.6059674976
0.4583901419
1.2957389868
0.5833779535
1.4923646754
0.8313771420
0.1703843895
0.0873130044
0.2229941127
0.0199934094
1.7938296235
0.6033608647
1.9950123434
1.6069729350
1.0857107184
0.8070550451
0.1824975754
1.6941769589
0.5408746272
0.2379487691
0.1347707233
0.1189767745
0.7118367089
0.1155131644
0.0648859508
0.1031232077
0.6068903265
0.2300573567
0.0924706829
0.7594929608
2.7547933777
1.3197246883
0.3326105308
0.0527370794
4.0874858374
0.7256328962
0.6037551823
0.7834586466
0.8261525008
4.2974059548
0.2986768901
0.1418105968
3.4758624332
0.0531570021
0.1157771039
1.1240911414
0.5851520581
0.0856722279
1.0321578489
5.1145890086
0.0559115784
2.4073597507
15.3303529319
0.4306152864
3.8158001421
0.8009907588
0.0737770729
0.0342143462
0.4925480142
0.3055782064
0.0516436070
0.0559115784
0.0391461500
0.2164373476
0.2261149855
0.0552712318
0.3913669308
0.0522717294
0.4306152864
0.0122306056
0.0650824245
0.0970885362
0.0140838704
0.0350092236
4.3498204176
1.8694177315
1.0801959494
0.1063768158
0.0350092236
0.4329871164
0.1089763222
0.0983317184
0.6876789440
0.0232800750
0.1055423067
0.4293106702
0.2473841060
0.1089763222
0.0285443522
0.5443912781
0.1168963317
0.1992466333
9.6417509883
1.3236358568
0.4896374093
1.1901768919
0.3708446113
0.1561014047
0.3245882597
2.6009281152
5.7620598358
0.1612401732
0.1976587151
0.1617698137
0.5945216719
0.0454535306
0.0778538379
0.5625151480
0.0528876908
0.0634082409
0.0926788172
0.0108061846
18.2549646355
3.4330960716
0.1844226242
1.1005990999
0.0711836361
1.2237661239
0.3411498692
0.6588453475
0.5156093263
0.1991323312
0.3963449166
9.4806735465
2.8300038646
0.1051250509
1.1835961519
0.9076041997
0.0536548754
0.5099926991
0.4332850282
3.2878030638
0.7558431619
0.2507190130
0.2209364420
1.2598345405
0.3936456132
0.8810316474
0.0263133360
0.7137599613
0.1189816390
0.2053322402
0.8165231620
1.3281680376
0.5068152475
0.1090552311
0.0740190172
2.7948964769
0.2159721706
0.2884237145
2.7686884251
0.1189816390
0.3682342058
0.1690484258
0.0991352456
0.1248029868
0.0185558683
0.0521224940
0.0395014267
0.1109696829
0.0521224940
0.1773470291
0.0185558683
0.2096353777
0.8467646708
0.4788214027
0.1465696638
1.1945205658
0.0980647874
0.5498624176
0.1142133946
2.3107742285
0.2113260325
1.1115060297
1.5389931772
0.6640742345
0.7675823333
0.9859883154
0.0756891335
0.5481009925
0.1806469049
1.0898764503
0.2903904230
13.1715265866
1.3274466416
0.5934638452
0.8823258668
15.2704768720
1.0418374414
1.5502153426
0.5158259052
0.6250995034
0.3983218119
0.1687691073
0.2325695609
0.0140537924
8.0196219786
0.0983505063
0.1316430086
0.8676156949
0.4571441149
0.1557650037
0.0414403228
0.2644170565
0.3278025480
0.0231025445
0.0899226040
0.0265827431
0.1006823441
0.1785925193
4.4499044211
1.7567125029
0.4958348473
9.5181219780
1.0724826626
0.5937084626
1.6392785452
0.2458702155
2.0584423980
0.1342305937
2.7079186882
1.1668543419
0.8901121459
0.5555577577
0.5954950692
0.6373889964
0.8357890039
0.1154087756
0.5347920549
0.1475649336
3.5608490566
0.6962636931
4.4550306668
3.8039669667
0.2394165239
0.4408684201
0.5804173039
0.0378381309
1.1636643543
0.2675658660
26.4553125226
1.7208604413
0.0145439569
1.3084784689
0.6201223790
1.0221055980
0.1821952099
0.0195652073
0.3170352447
0.7528400061
2.4522385548
0.0774004697
0.2381506892
0.2893494499
0.3971528548
0.0415735897
0.0181086295
0.4436687086
0.1227394415
1.0722813188
0.1538023138
0.5105481424
1.4816184454
0.8212877242
2.3227010710
2.0985375684
0.9542750643
0.2594597217
0.0634832803
1.7611710324
0.0354885217
0.1227394415
0.2639111226
0.0156151707
0.1707804789
0.5781760592
0.3467753481
0.0154789417
0.0407733897
0.0688430677
0.9836696852
0.0702830118
0.3789466828
0.0168713209
0.1471150312
1.0424347979
0.1344238376
0.4786453477
0.2068933135
2.5535393597
0.1910378229
24.6312592453
0.9152450018
0.6075919896
0.6075919896
0.0794625876
0.1651468604
0.2319621540
0.3679888064
0.0715248411
0.6995141600
0.2534028358
0.2368950625
0.0716703475
0.1430822207
0.3540153873
0.1086895637
0.0162638120
0.0149253954
0.1141629364
1.2622657420
0.1154141249
26.0418461335
0.7842156884
0.6188965991
0.3603477336
0.6199161670
0.3903048950
0.0748473472
0.0312457110
3.6196133899
0.0437031594
0.1132829157
0.0924648332
0.0658932956
11.9835790691
0.2582181137
0.4929803700
0.3838513334
0.0720170697
0.3397702440
0.2475187427
1.1592271578
0.0575846719
0.0559120685
0.0259231510
0.1228951480
0.5510388437
0.0337687169
0.0582603424
3.3715150266
0.0669551596
2.3155108112
0.3203953283
0.7982862551
0.3481019929
1.0142463300
0.1168687072
2.1424387468
5.3850503889
0.5996593309
1.1953688082
0.1481346636
1.6561785666
0.0602103264
0.0139035419
0.0620050709
0.0699196299
0.1338958729
0.1038908313
0.8211124290
0.0242730791
0.0543228436
0.1619662729
1.3040321607
0.9826300264
0.0497499005
0.9978112755
0.5703442821
0.6971847434
16.0002339455
0.1184665098
0.4811540233
1.1578346132
0.4125678318
0.2522200261
0.3559078545
0.6803372106
1.6657764047
0.0642217838
3.8121103851
0.1311576024
0.6365354814
0.0642217838
0.9629580151
0.0138507225
0.2678661237
0.0318872524
0.0313205824
0.5854118043
0.0810171603
0.3763734009
0.3559078545
11.2664082270
0.5863331696
0.0561344783
0.3894463763
0.0197197421
0.3711723318
0.1501143910
0.2569366806
0.0420886990
0.0361465806
0.1790708911
0.6311997420
0.4514875776
27.1779599928
0.6764131247
0.1216154514
0.8541388217
1.5980791598
0.1512065697
0.5206265829
2.1919873629
3.9838105525
0.0717808201
0.6516705291
0.5350973558
0.6400985067
3.1563473138
0.0445360526
2.5555128760
4.4847212813
0.7256828515
1.1426694666
0.0665521031
0.9142380115
4.0841795648
2.4809232886
0.4738248987
0.7203136784
0.3013159827
0.7456779385
1.4088510154
0.0710151138
0.0864034589
0.1547353558
0.8421727678
0.2993014096
0.8639383135
0.2255262546
0.1085999250
0.5494166998
0.3914005284
0.1797828860
0.3431068450
1.3390700812
0.0733807586
1.8982835346
0.6981334406
0.0278798013
0.2079999687
0.1654677983
0.0733807586
0.4272441788
0.1458102955
0.4272441788
0.1117654074
0.0308812246
0.6117437783
0.5059770782
0.0293366861
0.2225491966
0.0169292392
0.2536765378
0.0527828647
0.1458102955
0.0179544444
0.0446707784
0.1852156619
0.2651166729
0.8513808323
1.5490489497
0.4154502149
0.6809645557
0.0230241956
1.3916894527
0.1403525849
0.9523928044
0.5904672126
0.4841160221
0.0541077301
0.0925194012
0.2190173998
0.0254229731
0.2674887280
0.0360256143
20.0257757510
0.1246861617
0.0294208167
0.5577451167
0.0291879928
0.0956067665
0.1574934305
0.0593083797
0.1405514368
0.5988221668
1.3872439693
1.5984002566
0.9459513843
0.3897372841
12.1474173885
0.2195992287
0.4620411985
0.3651677811
10.8418662446
0.1157398460
0.1806291967
0.0877261971
0.1221645073
10.3054028950
1.2726978095
0.5069947179
0.9919405841
1.6140767477
0.8096182561
0.0921820095
0.0122102482
0.1332834501
0.9031266583
5.1878148799
0.8805885720
0.9919405841
0.0828121271
0.3873734833
0.0521501835
7.9551149058
0.7029614014
0.1496573076
0.3768751694
0.0104220840
0.1016196092
0.5735314629
0.1128152974
0.1221645073
0.8197588236
0.2250070584
0.3997633697
0.0590719362
2.5905288409
3.0668870512
2.0091128981
0.8197588236
1.1893020360
1.0601458679
11.2104039884
0.9135465274
1.5028731855
0.8452395111
0.2506266445
0.1781638080
5.0033941931
0.1512246684
0.1093470907
0.7659890636
11.7509599561
0.2699850896
0.2741697925
0.2531267715
0.3862626843
1.0861494752
0.0320161349
0.0470230734
0.4477503465
0.0663820357
0.2139465500
0.1093470907
0.0259954052
1.3237426132
1.0600414727
0.1629703616
0.0985795875
1.0799209779
0.1629703616
1.7033455175
0.0843533270
1.5923770489
0.3506460385
0.0233050798
0.0379382704
0.1427356293
0.6714056452
0.0425766413
0.2146931496
0.0301840680
0.1337925092
0.1471503861
2.1440545975
0.2009989030
0.1680478512
0.3361248937
3.9523503454
2.1438063598
0.6272642432
1.0343070953
0.1939070641
0.2643065653
0.2588962165
1.0760554549
0.0929700313
1.0664818359
0.0323763201
0.0426418023
0.0348326597
0.2518673951
0.0244611211
0.0602592388
0.3701166386
0.1693014444
0.1693014444
0.3464094652
0.1315386570
0.0203592854
0.0261358130
0.0300169918
0.0300744310
0.1804039744
1.7098328618
0.9875620421
3.1124147038
0.8863849670
0.2278267277
0.3058883432
1.3545224524
6.4928338186
0.8640917997
13.0398867123
0.8714063604
2.2590747761
0.7975954812
0.5331144935
0.2700182267
1.9130755082
0.5696994693
3.6917852614
1.4799332602
0.3051787168
0.3366921839
0.4348518059
1.6003537036
0.0580848997
2.2163756206
0.0560510216
0.5336853358
0.0142679540
0.1033220990
0.2053001597
0.2293405480
0.1713953147
0.0186837544
0.0423844973
0.0133210779
0.0712460986
0.3176975180
0.0262511292
0.0262511292
1.3568146252
0.4434493227
0.4803606571
1.2315528437
0.2674130379
0.3682902924
0.7323052894
0.1487450870
0.7940969939
0.9515747953
0.5102011501
0.0721413519
2.7873433190
2.5773538984
0.6118428230
0.1502588879
0.2306159446
0.1100555648
0.4289440378
0.5759828989
0.3997684403
0.0717447196
0.9022538365
0.7413703045
1.0514627925
4.1633221001
0.7866600408
1.4696447830
1.0945238729
3.8507963507
0.1018450210
0.2678624068
0.4922166819
0.4903189211
0.4767634458
1.4696447830
0.0548826852
1.8039637823
0.1274736057
0.2323032540
0.6681832000
0.1411976658
0.2785395174
0.2890940621
0.2837828438
0.0697507370
1.7902361740
2.0325624722
0.7181489119
0.8178520969
0.4671275612
0.1777627638
0.6684175228
0.5348064839
0.2005760194
0.2837828438
0.0712968500
1.7211973735
0.0697507370
0.0431420279
0.9606186119
0.0501087930
0.1521185471
1.0910509976
0.7201492194
0.2684773186
0.2665360218
1.4938198578
0.0899506875
1.9329757458
0.2166558900
1.0799728134
0.3084024061
0.4596067303
0.1459664958
0.6490422599
0.2265538682
1.8133035926
0.2009939177
0.1598088621
0.0248864752
0.3243958751
0.0133928001
0.0962403674
0.0222477147
0.0372551457
0.2926011872
1.8487816327
0.0337814285
0.0468079360
0.2250382257
0.1436121447
1.1464434401
0.7493938691
2.6460213846
9.9745492736
0.1951920701
0.0594288583
5.9329700272
0.5419350767
0.3611642541
1.2474709467
0.0391714850
0.3757371910
0.0486669767
0.2422214049
0.0191826976
0.0486669767
0.0384098329
0.0876786963
0.0887815660
0.0631031002
0.0788104280
0.0747933436
0.0160005130
0.1591469773
0.0500258958
0.0211349466
0.0292855742
0.0113757143
0.0212923642
1.6018892891
1.1832883488
7.8227522662
0.0057562417
0.9811318025
0.9997410812
0.1119815668
0.6819168394
0.0057562417
0.0162986964
0.9442123934
0.7969766673
0.2776464871
0.0427868857
0.9177931429
0.3937188014
0.3091027432
0.0648332259
0.1753579902
0.3415187810
0.1385681899
0.5010707856
0.0528558690
0.0280361580
1.3499376306
1.1383863205
0.0971572951
0.3308057749
0.1483447824
1.7830382904
0.5234079165
0.8267839877
1.8137877211
0.7170029758
0.6894870242
0.0107916309
0.1483447824
0.0529607500
1.5065528539
0.1618321999
0.0947823490
0.2555320527
0.9502436270
1.4812813869
0.2665178646
0.8710049994
0.1341451783
0.0751250451
1.0584742162
4.0281997482
0.7937508667
0.2477163256
7.5975300823
3.5269092738
5.6858328052
1.6777222148
2.6791279485
0.6068293643
3.2884739421
2.1547837170
3.2884739421
3.5269092738
0.6068293643
1.7002052335
0.6862005078
1.6777222148
5.1099610576
1.1254750925
3.7769410293
2.2417296559
1.4668527005
1.4668527005
2.4271688278
3.0656091870
3.7769410293
3.0656091870
3.5186951448
2.2417296559
1.6522935780
0.8767439788
2.7346125996
0.8767439788
5.8935200810
2.4271688278
3.0573883676
2.1676014760
5.1760321101
3.0573883676
2.6590559521
4.8865315558
4.0428384760
2.6590559521
4.1362429811
1.2908790796
0.8891712551
6.8700929935
1.2945039129
1.9855960955
4.1461275262
1.4660576198
3.5652416876
4.1461275262
4.8865315558
1.4660576198
4.0428384760
1.2908790796
2.6626569343
2.0957962521
6.4227264951
4.6012110163
3.1976321719
6.4227264951
5.3101113586
1.7756389199
2.6258945950
1.8750088722
5.9566165629
5.3426116155
3.7861261196
2.0732394581
0.5599737915
3.5510934778
8.1470791737
1.1087341701
2.0732394581
5.3426116155
1.2710578477
3.8998152212
0.7075777202
5.9566165629
3.1976321719
1.1087341701
0.5599737915
3.7861261196
1.2710578477
2.6258945950
2.7014777503
5.0611174833
7.1047963801
4.4933975503
1.9027343750
5.4637003907
1.0732998197
5.0611174833
3.2789913457
5.4637003907
0.8243906943
3.2789913457
6.2066698352
5.6286188383
2.5099825080
5.6286188383
1.8764850716
1.3441084463
2.7014777503
1.8764850716
1.0732998197
4.0724065298
1.8228137971
8.7521008403
4.4933975503
2.4250875867
2.8868292683
2.4955802533
0.8243906943
1.3403191520
2.2969933861
1.3403191520
2.5113088855
3.8522942933
3.8851104564
3.5638320997
1.4404992468
3.5638320997
1.9714879048
5.2753601823
2.4950185972
0.9891603002
5.5186044473
1.1879933781
5.5186044473
0.2728231630
1.5991448423
0.9566839786
0.9891603002
1.8354168391
5.2753601823
2.8677756216
2.4828412416
2.8677756216
3.8522942933
3.8851104564
0.9059216287
0.2728231630
1.9989818256
0.9566839786
7.4121335054
1.1879933781
2.4828412416
2.5113088855
2.2969933861
0.5768335690
0.7054612992
2.3980623627
6.0627236579
7.0492181998
5.2910266082
0.6716673557
7.0492181998
1.4080919323
2.9170938847
3.6448188549
0.5768335690
1.3343422544
3.8673213051
5.2910266082
4.5214513251
1.4080919323
2.4114537925
2.6986197200
5.7278934232
5.0155408319
1.8103289438
2.6739498384
2.6986197200
2.4825639797
0.3287490118
0.7054612992
2.3980623627
3.7297000890
4.5214513251
1.0955527754
2.6138795251
3.2291818580
0.3287490118
6.0627236579
3.5497804391
1.6781347589
6.2560867881
5.7278934232
2.7879855110
8.5786163522
6.2560867881
9.7777228212
3.7297000890
3.8673213051
6.1554241008
1.3343422544
1.0955527754
1.3451841203
0.7808441558
2.6716392609
3.6448188549
2.4825639797
0.6541832669
4.6187555896
0.9483626381
2.9170938847
2.7879855110
5.0155408319
0.8535719877
2.4607206564
1.5658117033
0.7211347806
2.8026478910
4.3934195386
2.6897031991
5.3937815876
4.5990035186
1.1610652461
1.0465027403
2.6897031991
0.3095524217
4.5990035186
2.5351619299
4.6611767194
0.8353236992
0.3696200391
1.8086077159
3.7985081184
1.4664191472
5.3937815876
1.8277747824
3.0206913145
0.4275566940
8.5046671901
0.6313529895
3.2702762048
6.1069225529
2.8026478910
3.6324267230
3.7346146356
2.1380732253
1.7014954338
0.1840192014
1.8086077159
0.9735202492
0.5147475163
2.6579840751
0.8237098111
9.2193593315
4.6922181162
6.2440159012
4.6922181162
0.0596717858
0.8353236992
1.4664191472
1.3985917347
0.4275566940
3.7985081184
0.1134608843
5.1613829425
4.9141738545
6.7975089060
0.8237098111
2.9986470568
0.1840192014
0.5270369980
0.7660550999
1.1610652461
3.7346146356
2.2861023420
1.8085957762
3.2702762048
2.3128630203
1.3575215086
0.7660550999
5.2481283422
2.1380732253
1.0040719857
2.1819165886
1.7217627375
3.5219860872
0.0596717858
3.4081026935
5.2481283422
2.1819165886
2.9986470568
1.1339599510
5.1613829425
0.3095524217
0.7211885187
0.1134608843
0.7239954031
0.7239954031
1.0333848164
0.3696200391
0.5092946269
4.3934195386
1.0040719857
4.6611767194
1.7014954338
1.5591129032
1.9923293455
6.7975089060
0.6420958007
1.0465027403
6.1069225529
1.6325542121
9.1609770453
2.2945796773
1.7044331895
1.4459444102
1.2797514515
1.6325542121
0.7767509667
1.9880812971
2.7683038032
3.1873780460
1.2797514515
5.1722006551
2.6304523434
2.8861152067
1.1647475479
0.5449639327
0.7623713170
1.1774697982
5.1722006551
6.8996472659
1.6878393567
2.5630049632
1.6141476058
3.1047640223
3.5742652228
0.4046607151
4.7426490532
6.4580370649
1.1364336068
1.1477909239
1.1364336068
1.1477909239
4.7426490532
1.0804661344
0.5074854098
2.5630049632
1.2737178137
1.4060011796
2.6304523434
1.4111782271
5.1246061300
1.2737178137
5.6394278783
6.8996472659
0.8490662016
8.1055550054
0.5417557280
4.2089553280
1.3701728874
3.2877250457
5.9490281315
2.1373586282
0.8159086301
4.2089553280
0.9075727705
2.4900585509
1.0804661344
1.6141476058
3.1977501480
2.7683038032
2.2005710592
3.5420587291
1.6369964455
1.1036168133
1.1647475479
4.3746145220
0.1873686853
0.9598357500
1.0221560130
2.2072801709
1.9880812971
1.8405035916
1.5336281943
0.5580357143
1.6878393567
1.4111782271
2.5478053150
0.5417557280
1.2353870458
3.3665786915
1.5540591378
1.0146263911
2.2868921895
0.1873686853
2.3896713615
0.9494642148
0.9948438843
3.1047640223
3.1862940328
3.5885174979
5.9490281315
6.4580370649
0.5783023606
1.5540591378
3.5742652228
5.2935269956
0.4046607151
6.9881924716
3.5420587291
2.8393420320
0.8627815046
0.9109503765
2.2859660607
2.3661158821
2.2665032767
2.7784021364
1.4459444102
1.2769761273
3.3448951597
2.8861152067
3.4063673116
5.6394278783
0.7767509667
3.5885174979
3.2877250457
3.1873780460
2.1821043645
1.6074993709
0.8414905097
2.3661158821
5.2935269956
2.2977082252
0.7873185528
0.9121092442
2.7248659219
6.7717534298
4.0901199916
1.6299810171
1.9489255494
1.0675565016
5.6607369444
1.9281095697
2.8077487752
1.6299810171
0.9842708735
3.0692269858
0.8955890487
5.2402736994
2.7011240096
1.2590285303
5.2402736994
6.3560661448
2.2825577958
2.3090277434
2.0311684585
1.4189224160
2.6875380054
2.1794017999
2.8279954571
1.2590285303
0.6523721965
3.5838185984
1.9398824536
2.7248659219
3.0692269858
0.9729420272
4.0901199916
2.3753453078
1.4438759025
2.1644694186
4.6629612516
3.6366780548
1.4154047282
2.2825577958
1.9231235724
7.2491535986
1.7305996781
3.5838185984
1.4012706634
7.9868947943
1.0046989537
1.9443039575
0.1880123690
2.5787151136
3.3920171608
0.8222097904
0.8955890487
1.5835820261
6.6367171804
0.6294788590
1.9231235724
0.0672782057
0.8696627953
1.2713578209
4.5700365582
2.3274700982
1.0675565016
8.9226814317
6.6367171804
0.9842708735
1.6443097643
4.5700365582
0.1880123690
2.3090277434
1.4922545129
2.1794017999
3.0372807018
1.0801758886
1.0135149805
2.6875380054
4.3752496258
1.8339276350
1.6981592081
1.4642001765
2.0311684585
4.6629612516
1.9500585011
1.6981592081
0.7739339060
6.4070258636
2.3753453078
1.4891535517
5.6162276600
3.2913678548
8.4108837614
7.2491535986
0.8222097904
0.8003451847
3.2913678548
5.6607369444
0.9840382434
2.2272548872
1.1222140065
1.5201101925
0.6422733795
2.4779231810
4.3320743150
0.6523721965
1.4547771393
0.9059425118
0.7873185528
1.0367460941
1.5201101925
1.4438759025
6.3560661448
2.8077487752
0.6009580838
2.4779231810
0.6885155605
2.7649821529
3.6366780548
4.3752496258
4.3320743150
0.6294788590
2.5787151136
0.9121092442
1.6762295082
1.4547771393
1.0261736913
1.4012706634
0.5238893546
6.4070258636
2.8290793444
1.7899135774
0.0672782057
5.6162276600
2.2272548872
1.5835820261
2.3274700982
2.6371516630
2.7249934935
1.9398824536
0.2225892389
0.3252441227
0.8756937132
0.7569510850
2.0823278112
2.9463352254
8.0671043591
0.5477949829
0.1027470513
4.3183086305
0.1114392544
0.2711817998
1.3318612533
0.5348932952
0.0966389390
0.4534867100
0.7569510850
0.2551072150
1.5133474501
2.1224122412
0.0967465201
0.8686798882
1.2021307747
7.8843238921
0.0318799951
0.0357500848
0.0141638367
0.0132411083
0.0543647320
0.7900631036
0.2460224245
6.1598596915
2.9463352254
0.0502379184
1.5133474501
9.1167053485
0.3196357027
13.6942092009
0.0509967011
1.7453544015
3.6530181788
0.0740831034
0.3076125309
0.2942746578
0.0594240516
2.0823278112
0.1742317715
0.1086557733
0.1764504449
0.1121773352
0.1562437589
0.0435580336
9.7102317435
0.8791165037
0.8701373220
2.4231390328
0.2337853575
0.0363110413
0.0112202845
0.8686798882
0.1808125306
0.0502292486
0.2225892389
0.2322421159
0.0555748084
0.3248798330
0.0728001703
2.7519526374
0.3274840292
0.0238188101
0.1988913704
0.0712912442
0.0909865732
0.1947495805
0.2606278138
0.0454631162
0.0983400902
3.1853838628
0.1668601623
6.9171027439
0.0181697945
4.5488399101
2.7308772532
1.5513067541
0.2625704228
3.1853838628
0.0685333641
0.5981967762
0.0297164991
0.4929577465
14.0684147737
0.0435259553
0.4766066384
0.0866205133
0.0406571262
0.0756555238
0.2021076938
0.1207237548
0.0281732828
0.4560167471
1.2668390366
3.4685753303
0.0194304291
0.1371537328
0.0494982091
0.4028081705
2.7248662683
0.0827141276
5.7900846487
4.3183086305
0.0365132884
0.0648258276
6.5556003069
9.1167053485
0.0394618505
0.4378150749
0.4899113906
0.1387828829
1.6508605383
0.3307429136
0.0183734605
0.0237797207
13.6942092009
0.0906068548
0.2425563913
1.0361529003
0.1078971794
0.0990192703
0.2413185321
0.6337457128
0.0500745874
0.0332486442
0.1048881253
0.0543523489
0.1081763985
0.5621662229
2.9859201529
0.0568027936
0.0138879361
0.0294216074
0.1796082334
0.5514792899
0.3695810142
0.2208998893
0.0120324967
0.4035787886
0.8770922962
0.0290316973
2.7534040181
0.0934726596
4.5488399101
0.4529809263
0.1512503891
0.0352399947
0.1048009245
0.1246748334
0.0784570891
0.1901569104
0.1704688060
0.0901933648
0.0363987984
0.9647289389
3.7556428224
0.0469890987
0.1157927053
0.1610185223
1.3950407120
0.0287770000
0.0948137034
0.3321886902
0.1066367478
0.0227480022
0.1246748334
0.0620345081
0.0690814698
0.0178335801
1.3465127181
0.0679111973
0.0100911228
0.0809811127
0.3917650021
0.2252349794
0.0239996558
0.1465278087
7.8843238921
0.0546561386
0.6238840436
0.1856008494
0.0394249929
0.3373058074
0.0484466989
0.0298082242
0.1416396364
0.3253037440
0.0234335373
0.2926644151
13.0460366861
6.9171027439
0.5028940327
1.0606742189
0.2338404460
3.2937229332
0.6633527735
1.6461901003
1.4597293791
0.0165622375
0.1311817306
0.1311817306
0.7881845364
3.2500393204
0.0642114633
1.8980774914
0.6798023111
0.1414661798
0.0739790728
0.6121760630
5.6319013131
0.6633527735
6.8348494647
0.7881845364
1.2603730342
0.1066249834
0.4277413348
1.2025024849
0.1019757918
0.0293640341
0.0840604557
0.1540363282
0.2029717917
0.1746779565
0.1152918748
2.5527907524
0.1446346758
0.0943753853
0.2356187331
16.2826918310
0.0607620092
0.1136455848
0.2008609202
0.1961575782
5.4373155818
0.0558324965
2.4466822732
0.3991225028
0.0928893243
0.4625835503
0.0108177324
0.2145501020
0.0165383963
0.0149283072
0.5894089937
0.1983099478
0.1613755149
0.1251600323
0.0748835503
0.6704013333
0.4934307924
0.0123649453
0.0930078912
0.6962204467
0.0466078727
0.0620357826
0.0697090269
4.5139686544
0.0636117272
0.1305773779
0.2444905723
0.0784635240
0.0620602419
0.0124625966
0.0433913257
0.9062317278
0.0237268769
1.2573133993
0.1702996412
0.0553038881
0.0443960114
0.0504385995
18.8566580857
8.5822619215
0.3711107252
0.9185547214
0.0677827390
0.2213358724
0.2736711639
0.8930079872
0.4804502813
8.6291206488
1.0557380723
0.0280590997
0.1467977055
1.1431973940
0.0165622375
0.0630284941
0.1121330748
0.5970008622
0.3647221105
0.1574777546
0.2160304297
0.1377730461
0.0575344961
0.0484325112
2.5527907524
0.2174125067
0.4366915630
0.0271070294
0.0726937048
0.2248285963
0.7176681643
0.0768754981
0.0930078912
0.0520261587
0.6121760630
1.0782754272
0.2049496791
0.4216953108
0.2282079122
3.2937229332
0.3405175538
0.1644543485
0.0989428662
0.0123699455
1.1166278877
0.0618928122
0.4056726070
0.1329909553
1.2631832926
0.2224749404
0.3758001969
0.0310015642
0.1478936250
0.1325885412
0.1577204660
0.0535314424
0.0390576178
0.0659817385
0.9762003403
0.6228175420
0.5785434765
0.0366973701
0.1784132927
1.2603730342
0.0371919018
3.4135336006
0.0356759043
1.7018033689
0.0274459583
0.1548680308
0.1962123935
2.1781544186
0.0419577274
0.0714716745
0.0740928991
0.0218189999
0.0236328485
0.8035610591
0.1083973022
0.0161640920
8.6291206488
10.8317237068
0.2287074108
0.1564721573
1.2664757904
0.7478585112
0.0405521488
9.3343038302
0.0829356293
0.1937179243
0.9312657398
0.5136412844
0.0763405500
5.6319013131
0.0121708785
1.1881515508
0.2338404460
13.9456697149
0.4770431001
0.2569368776
0.1863097768
0.0710906258
0.1212001483
0.0661942817
0.1982320548
0.1237766131
2.4466822732
0.0864035653
55.7634357387
0.0245938415
0.0378433399
0.8447067037
0.6506558714
1.4597293791
3.2500393204
0.0902054881
0.1817977297
0.0172850425
10.3393895999
1.1043587790
0.1706544178
0.1348673956
0.1920596019
0.1623977811
4.6320987349
3.4366206160
0.2608792401
0.4328685933
0.1362195010
0.0578306203
5.1409397177
0.2251060664
1.0691460873
0.0471051119
0.1376500890
10.7667621647
3.1059196113
0.0693659072
0.2180350981
0.1920596019
0.9660073616
0.2336891613
0.0578306203
0.2476585844
4.1500816692
1.5121330815
0.4679625294
0.4455128205
0.2955008055
0.5216748328
0.0873275032
0.2296163938
0.0763536696
0.1534841629
0.1029548250
0.2094873366
4.2629810859
0.0124271286
0.2060757323
0.3907685401
2.4305512301
0.0502728265
0.0924749271
0.1376500890
0.0260119366
0.1780316810
2.3771947053
0.5370648245
0.2644335484
0.1547831372
0.0921062335
0.2180350981
0.5738228967
4.1500816692
0.6130916327
0.4481706338
1.3902317682
0.3454595766
11.6754603683
0.1808754381
0.0157872488
2.3857761718
0.0218496230
3.8287096367
0.2959093923
0.0715393185
0.1669622484
0.0251879939
6.1887063721
1.3097529399
0.0609976564
0.0626355379
5.1409397177
0.4334575657
0.2550723761
0.0493666470
2.0556213879
0.1190689893
0.0461008771
0.4861762019
0.9146925047
0.7588992478
1.7479341184
0.9839661795
0.0486288673
0.2003346771
0.3753624943
0.0142815735
0.0649163966
0.1515827957
2.3771947053
2.0283160518
8.5390044973
0.1267838259
0.0637016714
0.2608792401
0.2975209030
0.5269145885
0.0578876107
0.1241371983
2.0556213879
0.0889058686
0.0180251600
0.0335174413
0.0849930860
0.1617074015
0.0196197128
1.3327753383
0.1368675565
0.2088487248
0.7173397060
0.1456949250
0.0794116323
2.0664403134
0.0361979204
0.2084521598
1.3832465230
13.5958076279
0.1367093916
0.0108474576
0.2430741413
0.4965958255
0.0684430484
0.0366444305
0.2909406775
0.0755615265
0.1240338203
7.9452219408
1.5121330815
0.1806318567
0.4084362693
0.0392155414
0.4416643596
0.1193445933
0.5216748328
0.0384028894
0.3635741163
0.0125725428
0.1238890789
2.4757756483
0.1432747940
0.0216683684
0.4952414514
0.1473439358
1.1440969666
1.3644303044
0.0525042035
0.0373817221
0.0594551338
0.3555985771
2.0664403134
3.4366206160
0.1326483010
0.1273588861
0.1485139905
0.8699971358
0.0512331721
0.1459294352
0.1736751259
0.4325742822
0.5060368403
3.3517249640
4.6320987349
0.0835676556
1.3779093656
0.1897499336
10.4628325668
0.6333237894
0.1007176698
0.0440476248
0.1158678061
0.1249649275
0.0737869198
0.1553490615
0.4328685933
0.1611974967
0.1865248068
0.0612599705
4.2629810859
0.4619578308
0.5451865468
2.1601512552
0.0583878302
0.0636470911
1.7239865274
0.0513792861
0.0878802988
1.8672148698
0.1257005452
1.8573498230
0.0630401919
0.1048661948
1.6148541665
0.5638547224
0.0874417118
6.9430424648
0.4160425843
0.1813340386
0.0767539829
0.1041101622
0.1115417877
0.0856756004
0.0965945175
0.0950194154
0.7166308249
0.3384079507
1.5749722589
2.5931712827
0.1559282870
0.1440697290
0.8033826788
7.6562742325
1.9872790996
0.2215110671
3.8573821132
0.7166308249
0.5196098857
0.0073403101
0.2369514663
0.1557122894
0.1716628585
1.9872790996
0.6301441833
0.0733568823
1.1170933346
1.8366364305
0.0073403101
0.1631205397
0.1737049921
1.9783586575
0.0758595336
0.0636993229
0.1980701349
1.5749722589
0.3011390392
2.9409463121
0.0819359307
0.2094879603
2.1157503445
0.1090748292
0.0576817029
0.1956414178
0.0445346544
0.0532863143
0.5033348717
4.1478917015
0.0243540409
0.1608909040
0.2037756559
1.6579282029
4.3855579236
0.3746504805
0.3642647862
0.0511934041
0.5750511596
0.1123304087
0.2471194176
4.3855579236
0.0711801466
0.8033826788
4.1478917015
0.1786485438
0.0252879121
3.8573821132
0.0262220182
0.8783322951
3.4778180680
0.0590657964
0.0867352714
1.9783586575
0.0872796714
0.1441009678
0.2681076818
0.7377530787
14.5879885502
2.9893391953
0.3915648379
0.1212145871
0.0665109536
3.4778180680
0.1217583755
4.7890343596
0.1215750649
0.1424096748
0.1324277301
0.1984111982
0.5973278834
0.0223777737
0.0213643635
0.0113299940
0.0407989144
0.1656733565
0.3910341489
0.1889371139
7.8718529032
0.5894583161
7.2818502591
0.0796832519
0.0796832519
0.0713450353
0.1688204761
0.0131771316
1.6059471766
0.2339402435
0.3642647862
0.1094048749
0.2748909296
0.0411879051
0.0133350190
0.5573143966
2.9409463121
0.2432625805
0.1746074916
0.1080322358
0.0103290740
22.7231617496
0.0823069710
0.1459118060
2.2103842558
1.0965061888
0.0571898570
0.0402962984
2.8603713570
5.5153343604
9.1017502880
0.0376250346
0.1759688284
0.1984111982
0.3473100646
0.1491769862
0.0966415223
0.5563929367
0.3060902266
0.4854562562
0.0127365982
8.5388671543
0.5002834541
0.1450841293
10.9279399592
0.0461543741
0.0905073276
0.2712326502
0.1595678375
0.1414287710
0.4162449746
0.9942570188
0.0258081815
2.2773455643
6.1052898144
0.0627463385
0.0483251882
0.0674882375
5.5153343604
0.0520625154
6.1052898144
0.0332229578
0.0828806054
0.3696834078
0.6507941080
0.1263496083
0.9194686199
0.0468427354
0.1826735378
0.0277491724
0.5298377284
0.0529235909
0.0830928618
0.0792281930
0.0198952257
0.0958853985
0.1963088473
0.1915209141
0.0888115262
0.1429197074
0.4564249249
0.0111550869
0.2943671036
0.0536514597
3.0092153173
0.0117130615
0.0885683493
0.0401238408
3.0092153173
0.0209202546
0.0624876960
0.0258775690
0.0512036327
0.0646326507
0.0242698242
0.1980701349
0.0607083794
0.2283453860
0.1466150302
0.1714175938
1.4672166428
0.0250069816
0.5542759917
0.0907132511
0.3868354833
0.2599251528
0.0950472461
0.0660306640
0.0330162748
1.0357543218
0.1447551073
1.5137842021
0.4591628082
0.9044239285
0.3362050912
0.1618112700
0.0604837609
1.3419667604
0.0330162748
1.2048054189
0.1178137971
0.2829838744
0.0914895977
2.4232140058
0.5142713736
0.7078973245
0.2493147777
0.0535760343
0.1968157286
0.3453917055
0.1188632419
0.3946516750
2.0250490289
0.3151659840
2.0250490289
0.0169464713
0.2354848625
0.6296262703
1.3419667604
0.2159792969
5.7644915313
0.0641649561
0.1201743591
0.1171049058
8.4085566789
5.7644915313
0.0772809331
2.7150076367
0.2629961407
9.6540008256
0.2719690449
0.0567702824
0.0872412236
0.1194866558
0.1714835444
0.0128680090
3.7665875670
0.3049552408
0.9415531388
0.0759729173
2.7495658986
0.1235944289
2.0547355474
0.2851084925
5.5811977502
4.3541532336
0.2162362981
1.1525190101
2.1060658699
0.0812679016
0.2459387787
0.8373432509
0.0685932646
0.9415531388
0.2290563898
0.1033341707
0.7240190061
0.0816645435
0.0953654500
3.6519262768
0.1663251212
0.0994730223
0.3820644540
0.0384585086
0.4746800162
0.2186441395
0.0975799815
0.1406750383
2.8110999122
0.0200680969
1.6327990889
3.6519262768
0.1593920308
0.2446939388
0.0328557604
2.1060658699
2.7473969167
2.7150076367
0.1681027248
0.0836548257
0.0110453910
0.5524548168
0.0168627903
0.7373951832
0.2560103486
4.8291408669
0.6180548621
0.1107207463
0.0632927584
0.5253244830
0.3581152200
6.6999578801
0.0629212087
4.3541532336
0.1642094354
3.1933774962
0.0580118069
0.1105031577
6.6645451118
0.0500951617
4.1074802448
0.0547036961
0.1406189192
0.0401163419
4.9275327149
9.6540008256
0.2083976541
3.2136927439
0.1883962092
0.1178739995
1.3926680375
0.0555181892
0.1401089617
0.0511078341
0.9044239285
0.0188354812
0.3851716013
0.0801173257
3.1933774962
0.0422003824
0.3514350279
4.4282065859
0.1341256796
0.1347698493
5.1708395951
0.2018330180
0.4999939253
2.9375983455
5.1277986659
0.1170242531
0.4353497060
0.1983790957
0.0770394858
3.2136927439
5.1708395951
0.0717381790
1.5137842021
0.4827561160
0.0404915653
0.2325021047
0.1433839922
0.1052793275
0.0688107300
0.0565081722
1.3508073868
0.1491624941
0.2714127538
9.2639343819
0.1766467770
0.0103555152
2.6946178471
0.1932286803
0.0191696843
0.0146808405
0.0215477326
0.2645735445
4.9275327149
3.2524034568
0.0518797399
0.0134107581
0.1188632419
0.0655371413
1.2209413644
2.4232140058
0.2340990430
3.7665875670
0.1109329246
0.4198276050
11.5418918738
0.2879244807
0.2719428292
1.3482381160
0.0669086846
0.1396587467
0.1004910867
0.0458626235
0.1077895954
0.0678811439
0.0305285982
0.5079749258
0.0181262866
0.1609202907
0.3189881717
1.9820254445
0.0992076790
6.6645451118
0.3254015887
1.1744674533
2.0000000000
2.0000000000
1.0000000000
0.9999990000
0.0000000114
0.0000000114
0.9999990000
0.9999990000
10.0000000000
10.0000000000
