4.0000000000
1.0000000000
1.0000000000
2.0000000000
2.0000000000
0.6111111111
0.0100000000
0.6111111111
5.2937370714
0.3931996496
11.0445337986
2.0777525750
4.8013298058
0.0925901184
5.2170809540
2.8263276111
7.2530407655
4.1854333868
0.2348376111
1.0517364512
0.0925901184
1.0517364512
1.9988021561
1.5152495697
9.2586039054
9.8035730562
2.5139693356
2.3766501335
0.2348376111
0.3931996496
0.8495719527
1.1707239711
5.5086335049
11.2472986391
1.9216647806
6.5447237900
0.9399744572
5.0846082522
3.3004945598
0.9894336935
4.5956430191
1.0758035591
0.7476570635
3.6157192289
0.7424968618
1.6957206157
0.7926939371
1.0891546204
1.6455553769
0.0395089648
3.0373407005
0.8455975107
1.8374129353
0.0395089648
6.4613467305
2.2901778295
1.7958237444
5.6746175004
5.2431288901
5.8324734342
3.3397412647
4.5382553817
2.1427364865
7.4781818182
13.7115230791
2.0307422639
4.1456490296
7.8834703097
4.0018519948
3.0131096318
7.5730328162
2.7844690967
0.3380837693
5.2787829240
2.8641178867
1.4067371379
4.6881898010
0.3380837693
1.9592791653
7.5757824887
0.1041794682
0.4524160579
4.1408011514
6.3521767666
26.2416189314
6.2678077203
2.2184707051
8.4102583246
6.4958913026
0.9663548164
3.9404671043
0.1041794682
15.7661114570
1.1930416810
5.7403314917
2.7825775941
2.0285653227
1.6439792502
12.0734147984
2.7867326585
3.6281093958
2.7867326585
6.1491811860
8.7661094225
3.6411058088
11.6154397202
5.0962940850
7.2005083884
5.4532949953
6.2399938503
2.6873449998
8.3387066186
2.5347834871
0.5214811784
1.4215207373
6.6894238126
1.0967090747
1.3799885687
2.2607101947
6.2760522844
3.9245326086
3.9245326086
5.1410088676
5.4338130182
2.3600924054
1.0202145227
1.3115348551
2.0941443547
10.5210254920
1.3773254541
3.7646078855
5.7558632927
0.8767700131
0.3288986051
0.8767700131
0.3288986051
3.9531163817
8.4741884742
5.5610067618
4.0175293591
1.0202145227
1.6485007044
2.7926507433
0.2395936900
1.3115348551
2.4105683889
1.4803003879
2.7125153109
1.0401280350
1.8498468787
0.8143897996
1.5094551282
1.1155256518
0.2395936900
7.6094845614
1.0353514410
1.9027012222
11.0512948207
3.0749228512
22.4544839583
3.8675906913
11.8468137255
1.4523184936
5.7677313826
0.3875540318
1.4523184936
7.6377215190
4.3548480185
6.8047808765
4.1116947320
8.2166635409
2.4495125348
2.9007071302
0.3875540318
6.9972411138
4.4770622519
19.4263101780
5.3873463186
7.1755405476
3.4685176004
3.9157465194
4.7297986108
5.2695737705
4.9383128678
1.1643097904
2.1135369410
2.9239626682
0.4859100310
8.4686619913
13.2241681261
5.5163944013
3.0248012719
7.8454606537
0.1595586021
8.3869717362
11.9228890597
12.6563960280
0.1595586021
5.1124836105
2.0301837270
8.6040700127
13.1903787103
5.7942592056
2.8813540069
0.6792535998
2.0216667640
7.3093175699
3.2118100128
2.3711306826
10.6180641184
1.9373038637
3.2440105721
17.5131461391
4.6573793245
7.1356290403
3.4029996739
4.5504457971
3.2830278884
4.3020398702
0.3087704554
1.8220566777
1.6628129575
11.1449269851
11.6245134641
0.5521328086
1.7850608224
14.7997833366
15.0629225956
4.5143411879
6.6271711324
1.7850608224
1.4437359048
5.2463438163
0.6072142144
4.1585894501
9.8903824612
4.5863569200
26.2363672222
1.3215672946
6.9626275694
5.2031899110
11.7087157968
5.5554026153
12.2956578305
7.3082660797
4.1880572348
0.3087704554
5.7954499900
4.5504457971
7.9888757396
11.0400844739
8.0013349947
17.3899926416
1.5323465324
10.7150785519
14.4099035851
3.1336139872
8.4275692939
7.9275077481
10.1447240101
6.6564327485
1.9611969112
2.9759631215
5.4209678549
6.4756615190
15.1411456383
1.5837821203
11.0643366683
6.7264421592
3.7217737537
0.9809301601
1.7322930212
10.8604492852
3.5965957853
18.2975342941
13.6004551127
1.2096080067
10.3888520867
4.1855402167
4.2770877408
11.2788479178
9.6946406706
13.0320657760
0.9809301601
11.0964023495
15.6363991154
13.4307261265
11.9454802688
4.4803541782
0.6095145837
3.4724998604
2.8031374462
0.1329524228
6.2424162024
2.5542822004
8.7899961449
1.8026937111
11.6070025167
4.0969521149
1.2167317708
0.1271738243
2.2555335681
1.2224594174
4.5542058566
1.9751131222
17.8314957203
25.1615316901
0.4340466637
0.6095145837
6.6274319765
0.9797024326
0.5053289373
11.8904369854
10.5557595227
2.4307192198
2.8781230126
1.5241864556
15.2857606491
1.7667072280
17.6558756879
5.8605473733
11.7911980440
3.9599198397
4.8462401796
5.9952031180
5.0754434344
1.6121177555
2.4258718911
1.9086666332
10.1578075591
7.7137019649
2.6073942010
0.4340466637
1.4620257882
4.7275137112
5.3037700865
0.1329524228
0.4754502087
14.9618369987
9.4847762867
0.4019161945
1.7502209875
0.1271738243
1.3024788058
3.0024843379
0.6307715148
9.6931634132
3.9235511714
5.8260847319
0.9797024326
19.5242234255
6.2486001159
5.0103570455
6.5061760980
3.3486403677
1.1043532194
1.9452061118
7.8684946838
2.7219949486
8.3775086741
2.5479160954
3.2599144315
6.5740157480
6.5253548535
4.3569643263
1.3606366852
8.1672535211
16.1059602649
0.4754502087
1.2133232940
8.2236095346
4.1841765802
7.5872999484
5.9283842019
1.6093979442
2.8987494610
4.6337684048
4.2770877408
1.1939762797
0.6020413763
2.0643541991
12.3650176359
2.2555335681
2.0927193145
5.2367780881
5.5110468565
23.2067329215
20.5572151098
11.7569710224
10.8945076431
6.4168531628
0.4915670255
2.7181178503
0.6924538912
11.3486503392
14.3004206760
15.1200268216
0.0932028117
8.8878491422
2.8389903432
8.8386764038
8.4533139565
3.4815743643
3.2643789605
6.9452177452
4.5018089933
0.7145847701
5.6324450756
2.4901086654
2.0974731778
4.5146803120
2.8310927266
7.9405356647
11.9957544667
4.7629824561
9.4895624821
0.0985134555
0.9612658896
1.1905911901
11.3841062584
2.0867022192
9.2316763766
14.6959319014
11.0117009132
0.5268770923
11.9272060243
2.0443694596
11.4778520008
3.3696074621
2.2891744760
4.2452206324
0.7001652071
3.2314921682
8.6770968121
12.8487907826
1.2858524702
3.2815565908
7.1870979599
0.5280231335
1.2452435241
5.0875879283
2.7181178503
3.4120455688
0.8188058748
10.4137691238
3.4747431767
1.7344577063
8.9164624638
6.0761018539
3.1030123078
3.7432397741
2.8255039850
6.5664284283
7.9563486520
2.3489229435
2.2891744760
0.5596618028
2.8715849085
2.6154556650
3.0937332080
11.0713432836
5.5123523093
0.5411506865
1.4157984206
4.3507506233
2.0443694596
1.0539959052
0.5996771170
0.9612658896
3.0315648514
1.4157984206
4.2990912331
0.7145847701
1.3814464449
0.0932028117
2.7916496945
5.6003999810
1.1192772662
3.9697590781
6.6702455300
6.6500137250
4.5804370795
19.6146997725
4.1052631579
8.9666267328
3.1106704031
0.5411506865
2.7299318403
0.7493296751
5.0565298919
2.0974731778
3.3082401929
0.6912680868
1.6574514502
0.4989094491
2.7305031676
5.4898583262
5.2988396259
0.0985134555
3.5477773239
7.5877666757
3.2027649770
0.8369033242
4.2090173685
0.6924538912
3.2124236456
0.4379570747
0.5826504662
0.7805421632
6.4418811003
0.7001652071
0.0640211573
8.8597392475
2.2197334717
4.5505141576
2.9992735798
0.0317986743
0.2710839587
7.3176933304
0.4721416419
2.2766574586
13.7956523927
4.6688754171
4.7551133501
3.3591984330
2.3037990146
0.5047566888
4.4396088020
3.2598909023
0.5937409722
1.6664465223
0.0640211573
4.0561601505
0.6172407922
5.9262416136
3.4041225715
0.0385752851
0.6893875155
4.4683544304
0.5937409722
3.7757604714
0.4775949116
4.0742617255
0.4252743611
0.8100772520
0.5411392756
2.2933870702
0.6459018932
0.2464428712
4.4785770612
0.4721416419
1.1834824727
4.1867651760
1.0907743503
1.4668547000
4.3064065511
0.7897403301
3.0403950906
0.8115058632
1.2798266891
2.9992735798
2.3739418476
1.5012906001
0.8339368528
0.8000535487
3.9646105593
1.2146364153
6.8368463028
3.9342283049
8.9799517636
3.0094111616
14.0778413330
2.3720021039
2.1926984255
0.2464428712
2.1034317255
4.4527662778
0.8514498841
7.1230508005
5.8792725501
0.5047566888
0.8963219908
12.6967119751
3.7270221345
0.8000535487
4.6507627646
8.8643341664
0.0757751151
4.4809095648
11.2074039166
3.1010828948
1.6387438928
3.6773055898
0.8963219908
2.1716969268
0.4775949116
0.5411392756
7.6188172431
1.0184409053
3.5646001284
4.0728094895
0.7323495179
6.0707584436
8.4271728272
5.4001937314
5.6573621103
7.6433331090
1.7629387536
9.2694524496
1.1608401466
1.1117782260
4.3789401553
0.6813421765
7.3834614585
2.8037163408
4.7698769654
3.3152613566
0.7192041415
0.8546088589
2.8659272951
0.2255833056
4.9363297277
2.3874729365
0.0040264889
2.0207940338
4.2511167975
6.3195153061
4.5225748097
2.5061031431
0.2255833056
0.4602031950
4.5010572768
4.9014813073
0.1821499614
0.2710839587
0.0385752851
0.0757751151
2.3720021039
10.1545177782
8.3304848485
0.7323495179
1.2798266891
2.6617626744
0.9623423423
2.1625402327
11.0257833820
2.3030120811
2.2561729449
1.0575072185
6.3285076236
5.3465361854
8.3877839570
3.5555720875
1.7179262563
0.7897403301
5.3097855750
1.0907743503
0.0040264889
5.0765081132
1.5862781092
3.4791821310
4.0812313643
4.5610014955
12.8326815642
2.9863843693
6.2267248012
1.5261922597
10.0550035486
10.9845082851
4.9365881751
0.4252743611
0.1821499614
2.2331368943
2.1177097462
6.6489494163
1.8018163471
11.1968197307
0.0317986743
3.8602356810
1.4668547000
0.4602031950
0.6172407922
3.6370403190
6.6378481496
6.0629349098
2.6145310222
3.6186321701
2.2197334717
0.9369205046
1.4647743300
1.5019557617
4.4048352150
3.0403950906
4.1890636406
3.2202946104
0.9179025466
0.4723939118
3.2647204691
1.2482944150
0.6074646338
4.7776863888
0.0483504290
0.3333481939
1.2990317878
3.4704182538
1.1168590973
0.7722219044
1.2475761338
1.1302738712
0.0683978663
0.4022782848
1.1270442812
0.2868370881
0.8377034185
3.7862720590
2.1312662597
0.9151817387
1.6899051224
2.0878430151
1.1131212540
1.9293000062
0.2760494265
1.6458993997
0.2020771948
0.2745323870
5.5884501954
0.0794311816
1.2970974055
1.1893170420
0.2660075736
2.2242505372
1.0157552767
0.3485307400
1.2352884123
1.6168001987
1.1664547109
0.5452141064
3.0903153573
1.5079430256
0.7003180117
23.1409586552
3.1517716492
0.6147167396
0.9536411357
0.8632096029
1.1068675948
1.3965013418
1.9607337577
1.3208124897
0.4961168278
0.8537633562
0.4536524831
1.4259335874
0.7494792806
0.2439989098
0.3999653674
1.1177019502
0.5738428253
0.6664480584
0.3302056703
7.9583632154
4.1844760759
2.5112826618
0.8688377744
1.1209530334
3.0588648437
1.0980993321
2.0784918205
1.4676657932
1.6536871234
1.3015482729
1.0499129478
1.9618114812
1.3198150720
1.1212733091
0.1441774252
0.8189875632
1.5370114541
12.2899214094
1.8711054849
0.9442974290
0.9938597564
0.6647223783
1.6559806380
0.3262724583
0.2820780840
0.4564660780
16.3204597186
3.0827356701
1.1463276802
0.0673723638
5.3080542647
0.6947103263
0.9697115099
1.6083460383
1.1013972115
1.3746274494
0.6271038616
0.3262724583
0.8562571814
0.3594607873
1.5417444752
0.5654210410
0.7939071491
3.0651020928
0.5497015057
0.0669279774
0.6755115129
1.3516688974
39.7606714195
0.8832864431
2.3652482993
0.7965664979
1.0262460739
1.8027022559
0.5113983685
0.8344093043
1.2071605875
1.9793230940
0.1807653540
0.4791574595
0.1506507379
0.3691187118
2.7622411978
0.7024764906
0.5731339186
1.2990317878
12.4920111059
1.2068502895
0.5404992569
1.1162710672
0.6966355359
0.2413854098
2.6374096503
0.6497252010
0.1509808801
0.1852166752
1.2189335431
0.4786555861
3.8074335347
1.0195483295
9.5016756181
6.4114181941
0.6350494809
0.9746486403
0.8486532910
1.0296439798
1.4113354437
2.8822429907
0.0128413202
2.1503757017
0.0276751401
0.9271438369
0.6275497303
14.9772484561
0.9440059600
0.8740141122
1.0365288444
0.5620533156
1.1728074975
0.6500723362
0.0789942967
0.5706504799
1.3376603098
0.5043240776
0.7399956703
0.3945411830
3.2330838529
0.5205384192
0.4683877151
0.3461358503
4.3735975912
1.4585232550
24.2632318651
0.2704513012
1.9693115857
3.9696621026
2.3952919757
1.3980648536
0.4360864589
1.9840600953
1.1140430822
1.1336688269
0.0830145848
1.0979513120
1.3771038343
0.7876011077
1.1257555621
0.9747176058
0.3109005040
1.1359943424
0.9792236088
5.5102956132
1.0153195788
0.4385964511
0.4545694613
0.0215150331
0.0196068756
0.0607142596
0.3298955359
0.8400636746
1.4710720376
1.3506987637
0.4207501954
0.4387081217
0.6346834826
0.1775173860
0.5949090738
0.4845687283
0.3461590311
0.3059709040
3.9447883414
0.8568351142
0.7606525162
0.0645424350
0.3527473732
1.2376976329
1.0135321357
1.9681296675
0.5184696207
0.0131333592
5.8432013500
0.7456622426
1.8467863770
0.3732751323
0.3151952128
1.7919368919
0.4326531456
0.1414599057
6.5722323747
0.1003497041
2.4551218684
0.9490557702
3.7134823789
7.5501797839
2.2333657060
1.0697111944
1.1459609225
0.6110392875
0.5032997333
2.3398765572
0.5995407970
0.1008073755
0.2369608883
0.5774108124
0.1689441887
0.2696198237
0.2119545973
0.9609984609
0.4291130421
0.3299977672
1.7804441028
0.2505563337
0.5530142400
1.0684082696
0.6358862786
7.7547173386
0.3883265811
1.5008182222
1.3267339842
1.8785308763
1.0882436049
1.3516834160
0.0357717753
0.6265231936
0.8529394238
0.5861408713
0.9578721518
0.9445873869
7.5707067608
0.2840264228
2.6785161429
0.9575187857
0.1170053534
3.6513212211
0.2297201540
0.9753853344
2.0182165286
0.3028616821
0.0460649471
4.6681774846
0.7951666695
0.2400572120
0.8499856836
1.6934886076
0.8538743512
1.7887936639
1.6227072338
2.3463013118
0.1066255393
0.8936590616
1.5639298006
0.1672060832
0.9115595278
1.5244577857
0.6412148950
0.3534860875
0.1724744499
9.7595444685
0.4775798224
2.9217516785
1.1098228688
0.7051331921
0.0378609307
0.2980057745
7.8712400563
0.4421904307
0.1778081502
0.6459714319
0.8709413136
0.0647519946
1.6572167004
0.5833306695
4.5756344069
1.4244670043
0.9263567529
3.7308602575
0.0924093917
34.3633342760
0.6386479595
0.7311711042
1.5950281506
0.6123005278
4.1145907877
1.2659908125
1.0118000630
7.9821580900
0.9044805879
7.9998662882
2.9912356098
0.0869377751
1.3157233525
0.7520800017
2.3013689997
0.5500406274
4.2687968820
0.0306345247
0.7915336979
0.1349939072
0.0596138952
8.0082429930
1.4098604284
1.1967687429
2.3500341497
0.4474186833
3.6515714392
0.7968503818
0.2828802239
0.2272766389
1.2936943734
19.0991103595
0.1850832385
0.9736037411
5.1851698287
0.6676900108
1.2163305901
2.5584341139
0.8594830628
0.2722831436
3.4981505513
1.0778418002
1.0163884965
11.1100199929
3.3962319116
0.4124228353
1.0695411537
4.0756163695
0.3809991064
7.8390085807
3.9557739075
1.3866036791
0.3781357602
1.4718364860
0.6498060639
0.2711459975
0.0408584736
0.2821054869
7.7630183146
0.8599917485
0.7857330873
0.1772355858
0.6686017327
4.4758413236
1.4336970615
0.5004607100
0.3350011623
7.7674006264
0.2391559075
0.0643855924
1.6836939823
0.9190861514
2.5076617559
2.1048189876
3.3629571835
3.1736026578
1.4474142860
0.5117979349
0.5406302737
0.6621725738
0.2500202652
0.5736092848
3.0479273550
0.8165434939
2.4519039695
1.6188397205
0.8928127606
3.1279225117
2.0896503552
1.0307414017
1.0202398499
0.4064628658
0.2634538468
1.5974054855
2.4450271142
0.4159907197
3.8200040119
0.7858852572
1.2753643678
0.3699304886
2.0860864839
1.0637628356
1.1595631434
2.4071284084
0.6987208421
2.7343340026
1.3322773741
0.6569393367
0.3110764510
1.9211570141
1.5389058003
1.6750822901
1.8322007719
0.7599857712
5.1647010980
9.6445917713
40.6541069100
1.2541529380
2.0149461569
0.9920461026
0.3208502890
0.8366292299
0.4744397978
1.7880027952
0.9921485479
2.1650510332
0.9477474797
4.7510197038
0.3332817679
0.7116921476
0.0462643933
1.7621030450
1.1725100999
1.0773261436
0.4709613576
1.5203139350
3.4241726207
0.2754821682
0.8332016326
1.6689115929
1.2247794590
1.7338106528
0.3557079530
0.3569999380
0.7805842921
1.2226861454
0.4550606028
2.4361978538
0.5461067572
6.5934369534
1.0001147421
1.5397527053
10.3490623109
0.2405385158
0.2687218233
0.7965128807
0.8451380871
0.0441504450
2.2443020611
0.4074907255
2.3607616368
0.7052306748
0.3760554092
0.6543618794
42.6965290596
0.7413720242
1.8979471670
1.0016018929
0.5765961170
2.1832919300
0.1966529301
1.2531157536
0.6424880150
4.4361116385
0.3742398923
0.3270875464
1.1685862552
0.8807957205
1.6313577005
0.2630296328
0.5955660858
0.4115056439
1.1643598367
0.2866042541
1.6656001521
0.9960974160
0.6205741301
0.6183465459
0.2550366665
2.8925165758
1.4892528305
0.1013046342
0.8976075154
52.8315802274
3.7411193346
0.8118210446
34.2065702165
3.2153387315
3.7949352331
3.1295236247
10.9760057114
1.3347337752
0.4411968010
0.3107394924
0.0365917921
0.8981837475
1.0886503216
1.2530270485
1.0609298254
0.1074483692
0.8241924953
0.4955289853
0.4709613576
0.9159765797
2.0536618797
0.2219508581
0.9926620988
0.3813134180
0.8360122844
6.9402652643
3.7026967665
0.1102119441
2.2751504393
6.6290824558
0.3292030562
50.0117327645
3.3229644474
0.4284989657
0.5366677017
0.8867452988
0.1551866078
1.3334711763
0.1738797172
0.9673718821
1.1605040892
2.6057255666
0.4755360547
0.6599395902
0.3563198702
1.1178701591
6.6701807608
4.7918655457
0.9562693263
0.3403034999
5.0282206029
3.4655630483
1.4780744704
5.4144137907
17.1126136830
0.1775541191
0.0425590216
2.8408292394
0.6904842363
1.1131747292
2.0703071517
0.1045436789
1.8433764142
0.0917488231
0.3777682570
1.1441838437
0.2862227931
0.4360494927
1.0886597490
0.7696257139
0.8807731904
4.1519491580
0.9597919406
0.5058951257
4.8133335377
0.1900060582
0.6890106433
0.5577197029
4.4255069333
0.0395276295
0.9176005518
2.0143594437
1.0926403702
2.4260335270
2.7307015338
1.0926403702
0.1729008276
1.2453461575
1.2453461575
3.0005284365
0.1729008276
0.7467388901
5.6923076923
0.5096032160
3.1517559600
3.6743236043
0.5096032160
3.3555307737
6.1491262646
2.6348736781
3.4191883732
5.9969890315
2.2950323380
2.4156802253
4.6637262764
8.1969265303
1.9055835131
1.4500384858
1.5102943832
1.7613715077
6.8094010484
2.5830149868
1.5397590361
0.4004251966
2.1028647064
4.4336500838
2.7065500364
1.6098891553
1.4584743087
0.0870439524
5.1586903736
2.2828703704
0.2253485757
3.6411420084
3.4891770962
3.6171883980
3.4891770962
1.3391234668
2.5334015578
2.3010561027
3.5355681395
0.4004251966
1.7117212610
1.4693779444
5.0596379127
8.8197352361
1.6538307617
2.0359105765
1.9090415791
2.1624334918
1.4086540855
5.6002700481
2.1624334918
0.7603473945
1.1648314480
0.7801596556
3.8098009447
3.9867628607
2.1118735284
1.6029952223
0.2253485757
0.4736550395
0.4736550395
3.7529197723
2.0359105765
0.5660476808
1.3391234668
1.9428765341
2.5429337497
2.2111607558
1.6664901130
0.0870439524
3.7177648491
0.7216802168
1.2622859713
2.9044472535
0.0280373448
6.2840986049
1.0747253853
0.1859257239
3.4523828064
3.2319887372
2.4107381004
0.7262709394
1.5736104156
2.7470658382
2.3346668889
2.6113715830
2.9393584234
3.9824515681
1.6850434923
2.4107381004
0.0068678446
0.0280373448
3.4523828064
2.8515598603
1.6131517037
1.2472559438
2.9969835254
2.1012256267
1.7780970323
5.5766867279
3.6726551792
2.1771225429
0.0068678446
0.5816706271
1.4915977331
1.1055986094
2.2204534148
4.7679781955
0.9967749787
0.7406114863
3.6104440908
1.7780970323
1.0747253853
1.2622859713
0.0293988396
4.3938586793
1.8125653608
1.4915977331
0.7262709394
0.5816706271
0.8271442467
0.7406114863
0.0293988396
0.9224606286
3.4386860229
5.0620795695
0.5952404415
0.9110158369
0.1859257239
2.9784293900
1.3915478015
1.1094562392
1.8865493095
0.8747528423
0.8842734766
4.5711043126
6.1244311718
2.0105259084
0.2296984379
1.4436787846
2.4766236023
0.1037969872
6.0036340852
1.4905055384
2.3493203385
3.9517086147
1.6501315295
0.0559698653
4.1673092131
1.9107196718
0.1236181329
2.1092313350
1.5668191764
2.0880398671
3.3277160272
0.6199381165
9.3163560251
1.9770604110
5.4356977130
0.0212454804
0.2296984379
4.5197915199
0.2537911219
0.2537911219
1.9401313542
4.4438725005
3.3632552011
0.7732854148
1.5243558696
1.4783852898
0.2039207385
0.6199381165
0.7965417639
3.4995339500
0.1037969872
0.0559698653
3.5066716086
0.1564858449
0.5257435158
3.3655771105
0.1236181329
0.5974504944
0.5974504944
0.8258037923
1.9412029736
0.1564858449
0.9074709706
2.0080470569
0.0212454804
2.4799783550
0.2039207385
1.3673674447
0.9040692322
2.2135829895
0.5141861623
3.1986777136
1.2751468649
1.8693982074
0.4746993253
0.5257435158
2.2018208040
1.8186778499
1.2865525941
2.4579835607
0.7533538156
5.1661847153
0.0603014233
1.5452470569
1.1293617021
7.9440730628
0.3889739694
3.3709098164
0.0646551126
0.7533538156
3.1729574599
0.6004384861
0.9084120696
2.2519477202
0.2768429586
0.0710913558
1.9120932492
0.5192135761
5.6822696797
3.7084566193
0.0936944768
0.8763804928
1.2178935883
0.5503429403
0.3717501640
0.6701992085
3.5201973684
0.5192135761
0.4554681848
0.2459887285
0.6334976668
0.1070870317
0.0706744593
0.5503429403
2.5068303095
0.3590117523
2.0715634441
0.5714345288
0.4905819511
2.2299248060
0.0936944768
1.5558472966
0.6374150260
1.9690213392
0.3889739694
0.2768429586
0.4554681848
0.6334976668
0.7186637063
0.1070870317
3.1162898418
1.4091678203
0.9084120696
3.0199393367
0.8979061083
2.1626801367
2.7517081427
4.4700370451
0.0646551126
0.2459887285
1.6557319839
1.0276596784
1.6625549412
0.8763804928
0.8057703748
2.4023858214
0.0706744593
0.7186637063
3.1964670903
0.0710913558
0.7966110959
2.0042122999
0.7542122633
1.2915603199
1.1698795630
0.7238697547
1.8235876289
0.0603014233
0.7035335186
0.3738824711
3.1162898418
0.9111577475
1.7435031364
0.3590117523
2.5755575521
7.0015535992
1.9960736763
4.6649389115
0.3925403235
0.1104008773
5.5959603777
3.6364739797
3.0506293965
3.2829919009
1.3339974832
0.5231452124
0.6583580651
0.1778415862
1.1192706471
0.3406136022
2.5283419934
4.4824398402
0.2220850503
0.8217844900
3.2908850727
2.5755575521
0.8254820518
5.1254742087
0.7668104457
0.3170225473
2.1782053859
2.6892988930
0.8213847818
0.6584103918
0.1891803960
0.6661023695
1.9874652856
2.3779735683
3.3407029903
0.9880271995
1.3100453172
0.1778415862
2.8997449872
6.6576576577
3.6377916904
3.4569255151
0.9291214621
1.1413319776
1.5149585155
2.5276694119
0.7313883700
1.9979842643
0.6661023695
0.2227476940
0.2220850503
3.3264522137
3.6914806422
0.2227476940
3.7546829042
1.1088340807
0.5920548738
1.0936928702
1.2407123423
0.9785051895
4.4595172141
0.4533502827
1.8510286432
6.0354828513
3.8236395553
0.6584103918
0.1891803960
0.8370127175
0.7931757951
2.4178860459
0.1104008773
0.8148612550
0.8990830523
0.8217844900
0.6303224754
1.6995512939
0.3170225473
0.6583580651
2.8207495555
0.0615833116
0.5718642400
0.5233614404
0.5920548738
0.4318700311
0.0615833116
0.3406136022
0.3925403235
1.8175435948
4.7680130559
4.8456905673
3.9607472819
0.7688911822
3.6224998084
0.2942619548
0.2942619548
5.8799838634
2.3517920657
0.5595771950
2.6544523247
2.6213599095
3.2602624058
4.9979326639
0.5595771950
1.6978224765
0.6318139738
3.3347808317
1.6895759717
2.5240671298
4.9564840499
4.0890765459
1.4303684073
1.3082984487
3.0960386676
4.4203608247
1.0368739206
0.2574208429
1.3202093764
3.4901062443
2.5676907932
3.4096852300
4.5486519687
5.7093103789
0.4767966428
1.8874413757
1.0003946107
0.2574208429
1.0182126658
0.6952341522
2.8315740931
4.6155383078
3.6015594101
1.1556273164
1.4683098592
2.5023766596
0.5820475497
1.1518631469
4.7416879795
4.0521996303
2.2670159811
1.2417417928
3.8966931332
8.7798839458
1.7581789449
1.6361459769
1.5082564352
1.9867543860
2.9775384102
4.0085040234
4.3023341009
3.1716224663
1.3099070320
2.2100283460
5.3334166146
3.8944088627
2.6072193216
5.8522137610
4.7841802916
0.2527456926
5.8272385847
2.0633091254
0.4823435998
1.0745143897
1.2053209608
1.1650374248
0.2527456926
0.6033561845
4.6467455087
1.8584601711
1.5069833133
1.9409784664
2.0403281426
0.5050900219
3.1423621938
3.5507325014
1.2326948193
5.7585591181
3.0276625173
4.5260584377
0.4213640730
1.8988427773
3.8921456377
3.3953800298
7.9486030323
2.3689378025
1.6642680249
1.4730644136
2.4781427040
5.6537679863
1.9110756510
1.8820425532
4.6582972728
2.7729502744
2.3813190731
3.2803613631
0.7423427380
2.8261646078
3.1059190031
6.2374105866
5.6575239243
2.6389632390
1.1781063678
3.4909508627
5.1079150099
3.4575067450
2.5573426573
1.5636833564
4.8150212093
3.4281626637
3.2639690160
1.5941969454
1.4467672092
2.5199028219
3.3166833167
1.4210868281
5.9583408585
1.0828735318
0.5769621683
1.0348015634
1.0669063486
4.2038147139
1.4545454545
2.2885498601
2.0021943444
1.1319382553
4.4863530778
0.9713600517
1.8408628565
2.1219904725
5.6121800234
1.1374812017
2.2514701764
0.8534702386
1.9562990782
4.7377221703
1.4321303098
2.5113911512
0.6277760968
2.7632355760
6.2517776341
1.3454376781
2.3542581747
2.1812577704
3.2983844064
1.5279966602
2.4180386035
3.0890548094
0.4865262126
6.1716363042
0.7335637033
1.5981155933
2.1149017323
1.5398074419
2.0282474297
4.0551662089
5.8549643355
7.3546228710
2.8843948794
3.2907671870
0.3987521664
8.0244908482
2.0781250000
0.9429987608
5.8227424749
0.5470858525
3.5169247389
5.1493196467
3.9615234701
1.3791331634
1.9780876494
4.0930774116
2.0754134509
3.8984946748
4.0448310263
3.1808943089
3.6342386088
4.3545792394
1.1936897106
0.9336515168
2.3141491220
1.5875826001
2.1973593796
0.5166962070
2.9501449575
4.0585811632
1.5684653540
2.1781227464
1.9824329096
6.2234441603
0.9804380974
1.8456242350
3.3511750664
2.7514962365
2.4803719008
3.0948462538
1.2340383377
7.5908287601
1.4166207484
2.0923467104
0.7399614110
2.1136111880
5.1702979814
3.9498797855
7.8925565275
3.2867460788
1.0299992966
1.8435337156
0.5624576845
1.5398074419
1.4354198473
2.5693835654
1.8844440709
3.2735237965
6.3275519890
5.6399063619
2.0158556214
2.6869070209
1.6988663428
3.8545570835
2.5855278655
1.3682878146
1.5408303968
1.1370032091
0.5099307730
3.8582404722
0.5496389892
2.6812803658
2.7129328055
3.3486388514
4.6506294106
4.7644297322
1.8239660657
2.4093481747
1.7401588163
0.9493721347
2.4448469228
1.8708563536
2.5219517876
3.9428817099
6.3254706615
4.2760868190
3.5678063468
2.8107419633
3.4213439653
3.7252188647
0.9438941744
8.2324995657
1.3112150175
2.4971583221
1.7248686030
1.8038087935
2.3357314149
0.8261106941
0.8714938030
2.8362082125
2.5629039077
0.5108401084
7.8133067729
6.6761805140
3.8101647059
0.7749185043
1.9585912615
7.5290805103
1.6472383927
4.1895136778
3.2568643234
6.3225391930
3.6647922933
5.7693518519
3.7523666197
1.5928451532
1.7552996043
3.9555705718
2.2662313199
0.5309240954
2.6127049180
1.8205142232
3.8531391458
1.0917211088
1.5756196637
6.1182132099
2.8341651720
1.6317208949
3.4182023790
3.0725844128
1.6480119284
2.0050865983
1.3337962963
6.1994138717
1.6583729028
2.3430325895
4.6971793190
2.1798419816
1.4694337074
2.2611426662
2.7372051317
3.7174928568
7.0515599056
8.2742901797
2.6915267786
2.4245748973
1.2743932830
0.6175263775
1.7835257993
1.1696605550
3.2879790798
2.0515935258
6.3052747813
4.7769060116
1.0322264942
3.8390586661
4.8119742415
0.6394619795
4.4572790894
1.2729769495
4.9300519719
1.4167252902
2.2772135362
4.9472802610
1.4514961862
1.9684499314
3.0094235995
5.2301642232
1.8214364560
1.9011319480
3.9219625030
6.0411021119
1.4404103884
8.8700197239
1.9628609032
2.8469122361
2.7617329891
5.8272226444
2.0593751980
3.4335676782
3.0523178504
2.4502615694
0.8741729725
0.6485006345
3.7688790119
0.5606383441
3.1727700818
2.1292721025
4.2339847289
3.5816595164
1.6131541192
2.4106636156
2.9764041583
2.2631378683
2.4477710905
3.5958000977
4.1412893067
1.6622405215
2.0252511082
1.0560221504
3.1704056675
2.6520115166
4.1607269294
4.9057301294
2.2602455871
2.5129193582
2.9457191417
2.7538491522
3.0874864346
1.4940376819
0.7256637168
1.2013528840
2.0043723392
2.3102481424
3.4868862873
3.5136483542
2.0224751418
2.0659382641
1.7392057262
2.6775168895
1.0519659448
3.0103946222
3.3826291080
4.9655424246
1.3761884183
1.3988265476
5.3660565724
3.1056076023
1.3543958072
1.3696393987
0.9309447795
2.1255933703
7.5936051900
4.2590805902
5.4259415639
3.4074687547
2.2814187401
3.5038946876
6.7224021929
8.3337784900
5.2918736977
3.3246631986
2.3017605232
4.4147797086
2.1246958045
1.1725150191
3.9873905429
4.0367905767
4.0508021390
0.7453910199
0.6500949822
3.2619591772
1.9154002026
3.0384887006
2.7587772182
2.8281102989
6.5330451866
4.3506285840
1.3988265476
1.2664439877
3.9105395790
4.9932483121
3.2120234199
4.4633936958
2.1991049698
2.1957460168
2.2329747491
0.5992890534
0.8901512605
0.6484763624
1.7237182413
1.9674696083
2.8163781898
1.2949991363
1.3772124804
0.5145754740
1.1699940227
6.0089586340
3.5716166238
3.7810172714
3.8590938870
1.1582213030
1.6696357086
2.9850480246
7.0312616301
1.6331400457
4.4633936958
2.9442526175
5.6105334348
5.2439896573
3.2261664075
0.6696914701
3.8397835809
2.7528153609
0.8125473919
6.7803206797
2.8902960750
5.9313443313
2.9174519412
0.9443297157
1.1789043868
4.0184357284
1.6272273218
6.7823666220
4.8029144424
3.3462127243
5.1894937918
1.9205924707
6.2811640493
1.0215135090
3.5681467716
2.1360181142
0.9624438455
0.8517076803
3.9530273376
3.9855936180
2.6639982597
3.8432481752
1.6680158880
2.3019171741
2.3824071885
2.0155601114
3.1963128331
2.6981363916
5.8995821826
1.1852151081
4.6897433910
2.8520468412
1.0799448097
5.2444769331
1.2638485533
1.4481477311
2.8783077251
4.0075921239
3.2905795213
1.5498361608
3.5712636799
2.0351237075
0.5889828983
4.1491349047
5.2388812471
2.7567156964
2.1635640188
4.1562944243
1.7572957912
2.9105432580
7.1327923011
2.1856910569
0.5647459148
2.2861861566
0.5701754386
1.9154655240
1.1441034359
2.1016393443
1.6272816444
1.9414103171
3.4784566283
1.8531636558
1.0314486292
1.0943111893
1.7539413636
4.0469647059
1.7442702891
1.6206386855
2.6458484836
6.6786418941
0.8237010649
1.9865102382
2.4104671108
2.6756048236
0.4886671954
5.5374765517
5.4908712515
8.6581102217
3.2307331771
8.6168544389
2.1373775276
0.6823254079
2.0391229367
3.9100575024
2.5837983260
1.6828925251
3.7151915259
0.7058921939
3.7672506257
2.9443966882
2.5425057648
1.4539601636
1.3781702681
4.6583899127
1.2215774914
0.7568040574
3.4564564565
2.2369656536
0.8527369826
2.3461504228
3.9914607948
1.9862625776
3.3170369147
3.3664913599
3.7776039338
3.4337227589
1.9548688403
1.2895970009
0.7883554368
2.8254362874
4.4939976825
2.5831669756
3.1757074153
5.0878635198
1.1411402019
4.8653857385
2.8588815053
2.4421364985
3.8681632425
3.1587957497
4.8813028272
4.0343275183
3.8008164245
3.7841181764
0.7423109185
2.7070115624
3.2636735034
1.9687915471
2.3122411084
1.6820935545
0.8021387411
1.1770608212
0.6540785498
2.0273756117
1.5120382104
3.7819509059
2.3034389474
1.4353791627
5.5861289107
3.2165828046
6.1419658120
0.8790148794
2.2958546281
3.0467792370
3.7664894812
0.7317912856
0.8599633338
6.0618729097
0.8702371436
0.6769121601
0.8791663221
0.8156567779
4.5194705109
7.0630015366
5.4749796819
2.1256009972
4.0839778454
3.3894001697
0.5461853783
0.9114028690
3.1237434265
1.2948133681
2.6698366756
0.4752157920
2.7626392459
3.5364901782
0.8746824725
1.2094673862
2.3878201883
4.9012777778
3.8639827772
3.5069718495
2.9235021543
2.2743515230
1.2171929546
3.2335202761
2.6924781133
0.8594228856
4.0437036737
0.7804471847
3.5537087859
0.9403322899
1.5182001097
1.7407477252
0.5940935938
0.8070884031
2.5713951311
1.2538018811
0.8508716211
1.6046467610
2.4371628296
1.2912819372
1.7955705733
7.0812775902
5.4912132375
1.6272816444
2.0049785116
5.7372159091
1.0843464008
3.5385665039
0.3701918110
5.6214142977
1.3863118833
3.2842777026
1.8815554763
1.1295126527
3.5373360242
2.1928899181
2.7811248402
2.4767502612
3.5795223755
1.9580254000
2.0637030418
2.3510719029
3.4140466005
4.5908517191
2.5944043386
1.6191265893
4.9505672609
4.2806754732
4.7754881427
1.8935460479
5.5013929193
3.1382419537
4.1938329150
3.5873002934
5.9507581934
1.2093829865
4.1925824030
2.0870015792
2.8557747401
2.8335587644
1.9400603559
2.2467372677
4.0419073776
1.6643107744
4.1232444827
1.7302563133
2.9724633228
4.8689850155
3.3505702345
1.4000877015
0.5825855438
1.9115013892
0.8596519759
4.4286832440
1.0883818035
6.2331581784
2.3080829276
1.8629057841
1.8719966668
2.9897762810
6.0812052731
3.2165325530
3.4988344988
3.3692073461
3.3812534613
5.8181818182
3.4184479018
3.7467139102
3.2488641910
1.8615483228
5.1712651591
2.1956333990
4.6274803712
3.5799252116
1.0417223601
4.3844502743
0.8034878632
4.0688335460
2.6005442284
2.7775967168
5.9926155664
8.9545698925
3.3398997511
2.8514437384
3.6750133905
3.3807673411
5.1824000000
1.3979076479
2.4649638590
5.3508154975
0.7646486158
2.7239875389
4.0620119043
1.3372169708
0.8871705855
1.9002441457
1.0560848280
0.6864519851
2.6550090416
2.1747503078
3.7983347211
4.5693158847
1.6188818956
2.8742434068
2.8077234456
1.4323564833
0.8001622133
2.9978843124
0.7172435469
3.9617967273
0.9195415279
8.8338219128
2.0850269438
5.3232352101
2.2135238479
6.1599751012
3.4278151089
3.4807919622
7.9518490941
4.2581098020
0.5360743162
1.7829080265
1.0560848280
2.8476074751
1.5551964197
8.6307736172
1.5443462497
2.1056161253
2.9360524091
5.0142411130
1.7150541077
1.4870997385
2.4265480002
2.6956232687
4.7799267274
0.8744178945
2.5547303271
2.0936147368
8.5703329774
1.6690557806
0.4270633074
1.2215113263
0.5171804357
1.2316606747
2.9973763118
5.3337422155
2.2257570296
5.4372992701
2.3160646563
2.2267241797
6.0446878248
3.5599714552
3.5524851801
3.2411909010
3.4138968412
0.6736989662
3.2934402988
3.0228825018
1.9219810327
2.5888615127
4.0228595179
1.8659291069
0.8174449886
9.0993421053
1.6112646335
2.7317992374
0.5365581692
1.5463231971
1.8197089227
1.6887941990
1.2435039288
6.7755845733
2.0814564725
1.3900761124
9.3134564123
0.8521563436
2.4110726086
2.2358526110
0.6114052705
1.1524944568
2.2210842609
3.0735013768
3.3106866538
2.2884000609
3.4888732290
7.5112425115
1.3881622997
4.3836920311
0.4369718171
4.5882886458
3.1438906219
3.6499839177
5.5183379584
1.9571700131
2.0526662567
2.8364972443
0.4671866529
0.4590301517
0.3752122466
0.2480558681
0.5121472341
0.4387537654
0.7438999893
0.0781487651
1.5370941732
0.6364805001
1.1211056877
2.4271191820
0.5459512980
0.5375552405
0.9337008990
0.4168529453
1.4568564112
0.8499286689
0.8881715989
0.5314590277
0.7113067680
0.4973909791
0.8734186965
0.3607918665
0.1100914504
0.0694826203
0.3949511723
0.4446650533
0.4460561700
0.3949511723
0.3590391354
0.4021692300
0.2897515435
3.2710457413
0.2309903188
1.5533000332
0.0526335588
0.0856163207
1.3388456807
14.1237242716
1.1211056877
1.2051306317
0.7025805696
0.0157570880
0.7529648189
0.8276010472
0.0994616158
0.7751880197
0.0331443706
2.7259013070
0.3302905312
1.0985593966
0.4980517102
3.4231042600
0.6095191171
0.5241758984
0.1210539381
0.7071169536
0.0689915054
1.0148923506
0.6267390929
0.4587857669
0.0865466397
0.4282170476
0.4166302734
0.0711835841
2.1198098289
0.5742244411
1.3752032662
0.5375552405
0.1183525140
0.3091209100
1.4815125820
0.0477642083
0.0599648956
0.0692250288
0.0744046904
0.5650726062
0.3775267403
0.4739008380
2.0712513293
3.3221066153
0.4817545228
1.0051116794
0.4186039710
0.0894932671
7.7646168906
0.8006113456
0.5813970867
6.0524042149
1.6792842508
0.3095609260
0.2131622094
0.0413630601
0.6804107116
0.3485721852
0.3725975423
0.5107534342
9.4530559089
0.0128073174
0.0894076203
1.3795571138
19.7109979078
0.3413502671
0.4671866529
0.9909760524
0.1901738570
0.2538212402
0.0988582911
0.3345284888
1.4913603438
0.4998901542
0.0594330512
0.6787572533
0.1953921393
0.1413857653
0.4731106509
0.0526335588
0.1222046770
0.0601335755
0.1622914707
0.3826757796
0.1015805903
0.1208367016
3.3140869602
0.0894932671
0.0642310300
0.0334210550
0.0148971490
0.5965366715
0.5386546000
0.4038244270
0.1193868457
0.1949264933
0.0845870329
0.0702539140
0.6632208252
0.3970757770
0.0912828656
0.4682679852
0.6644938682
0.0645625493
0.1212501814
0.1787174391
0.1251905183
0.0885469689
0.0547514404
0.0901312732
0.3554520081
0.1736961997
0.0390178116
0.2079790315
1.3848606372
0.1351763849
2.5310243116
0.1482922958
0.4442572969
0.8173292722
0.2179733027
0.0697324933
0.2489381351
0.1627252229
0.6623437348
0.1316001967
0.1538561918
0.3525588004
0.5353962367
0.3013657712
0.1920972371
0.2905359024
0.0667244168
0.0603196213
0.2231758986
0.0838311423
0.1024228158
0.1036772457
0.0392931470
0.0311514503
0.2267875981
0.1249298546
0.1611494779
0.3315898180
0.9842514154
0.4093520490
0.1392343707
0.8920261067
0.0721560223
0.0768869505
0.2464187194
0.3949982317
0.1051168703
0.5638633459
0.1227141346
0.0297111720
0.0680330617
0.1716353955
0.0832733404
1.3852072141
0.1313296184
0.1526004845
0.7474554619
0.1918178517
0.8959759829
1.0048047981
0.2999305862
0.0557291648
2.3688788675
27.9070620945
2.7607106135
0.0754811757
0.5463493683
3.2211301881
0.9255466425
1.6695893362
0.4750733346
0.4451028402
1.1777672640
2.8028917804
1.1568660784
0.3408243241
0.4723270369
8.7017251850
0.1698846711
1.9387025106
0.4408878974
0.9835355814
0.5815899103
3.5633693334
5.2018459147
0.4925606343
1.5140807095
0.8269122116
0.8894553456
0.3030844734
0.7302278675
1.0059158584
1.5981831024
0.8018425984
4.6496490874
1.0658340784
1.3445167545
0.4367607570
0.4532641215
0.9590967650
0.8364231014
2.2383430614
0.8280219628
0.6682983978
1.2001075462
0.3958296193
0.2824344925
1.0722273428
0.9311082605
0.8088830452
1.0935723557
0.5078306754
4.4767429512
0.0285160973
0.4675451543
0.3099805056
1.3379668884
0.1032616676
2.1051305198
0.1062217568
0.3599511116
22.5766299746
0.2320411720
1.6580034344
0.7764247615
0.2655302701
0.0532689728
0.1487304046
1.2165905141
2.4215044382
1.4578395557
1.9787802840
0.7090746751
0.8461821076
0.4508930454
0.4606508597
0.0846139709
0.4307491711
0.2640137332
0.7017755579
3.9938511410
0.4824137700
0.2629909333
0.0763651152
0.2547083702
0.7358161945
0.2933484482
0.5968848825
0.1403342082
0.3507191778
0.0895077567
0.3817289864
0.1855445827
0.4275544425
0.9938111339
0.0690710497
0.1151419558
1.2125978372
19.4121314645
1.2314788212
0.1729977075
0.1851841905
0.5656697068
0.9292797270
0.0701996230
0.2311357853
0.3911472643
0.2825015995
0.2523574479
0.4376389087
0.1166951334
1.2216723471
1.0200513765
0.3387040839
0.1404179992
0.1195262603
0.6787129503
0.0308397333
0.3156375960
0.3258010416
0.6364616540
0.0904276049
0.3474209678
0.1520361736
0.9949134807
0.5347557399
0.6222448643
0.0152244470
0.2881835589
0.0952145689
0.0307554049
0.5013728216
0.6039889549
0.5557778692
0.1267417404
0.1784540287
0.3453265218
0.0153470258
0.4434414217
0.3424189702
0.1146912319
0.4067241818
0.7847997928
0.0774973934
0.1009289692
0.2295456645
0.3149613917
0.5383959361
0.0790426608
0.1408457534
0.1239462692
0.4906635474
0.1851841905
0.4335494747
0.2506166674
0.1660030717
0.0869388736
0.2820135461
0.2386285390
2.3247014240
0.6458064208
0.4596799587
0.7287353870
0.4663406483
0.8533441198
1.3909359093
0.3493138788
0.1836944130
1.1125138081
0.6887185854
0.0895077567
0.2014123538
0.2474504809
0.1488415237
1.1125138081
0.1748842556
0.1177048253
0.4451028402
0.0894510675
1.4831108324
0.0558399165
0.3369467543
0.2996476388
0.7416799866
0.1688458838
0.0645879823
0.1916149231
0.1146912319
0.1635698431
0.0328043774
1.7891440830
0.0711571206
20.6129568106
0.3443652615
0.0642497446
0.2676631716
0.8236877554
1.3278939284
1.5764705882
0.2917099281
2.3184221884
2.3832502867
0.2231606597
1.0954508069
0.0161710133
0.4308338356
0.0746211987
1.1351356269
0.6975617675
0.4583366647
1.6737334734
0.9945152479
1.4023837529
0.0829202307
0.6070132995
3.0717372458
0.1256723770
1.2340523685
0.8897790662
0.7154908227
2.3908670432
1.0464837790
0.6756280952
0.7384893687
4.3815371586
0.6070132995
1.9775165310
1.6488129821
0.1650703040
0.3156822521
0.0339591780
0.2088236124
0.6697497080
0.1195347893
0.1495463015
0.8465679585
0.4945375393
0.3148341463
1.9829984808
6.7456560712
6.2952055175
0.1602623422
1.4410641975
0.4384733027
0.2502570180
0.4622853620
1.4186222659
1.3288028048
2.7824631747
0.4308338356
0.8321760583
0.6515763868
0.9842828601
0.6783951505
0.3964501845
0.0838804774
3.1547628815
0.6083842323
1.4304261752
0.0387613304
0.1639801976
0.0988351439
0.2904885044
0.0697738310
0.0243623535
0.1586613212
1.1279103069
0.1548720164
0.0952976355
0.0610573475
0.7939109145
0.4771716909
0.5096117940
1.6212676794
1.0661720271
1.1043461413
0.3405245072
0.7559942878
0.4276980467
0.3489808743
2.7777830774
0.2865085976
0.2049818447
0.8809772236
0.5752146691
0.5156458327
0.1204708015
1.1828741903
0.2395174761
0.7677700535
0.0469907561
0.0501761580
0.0477660560
0.8481593376
0.3669519714
0.1482802121
1.5342179845
3.3454456175
0.4972689664
0.7331536388
1.3278939284
0.2949215327
2.7323489533
0.3011599792
0.0263093680
0.3839566716
0.0544396357
0.0756915655
0.0697206835
0.2975336806
0.8700461098
0.3237186833
0.1697795670
0.0469165097
11.1557618719
0.3568913277
0.2628888332
1.5388695132
0.7710738635
0.3190934934
0.0136994392
2.9292165161
0.0561573104
0.5776898428
0.0124456074
0.0364786283
0.0895561320
0.1740467312
1.0091406881
0.2548203958
0.0809036777
0.0991031899
0.1541797140
2.1215809504
3.2036423321
0.1439641754
0.1395475946
0.2297781291
0.1061444939
1.1948888617
0.5224636655
0.0180775072
0.1140944206
0.2012485539
0.4620031825
4.4974395270
0.4917681393
0.3569161471
0.0888783708
0.0175867335
0.0697827391
0.0752140651
1.6270271380
0.0224929541
2.8416975231
0.0451750444
0.1494833231
0.0578585288
0.2799809968
0.8292976915
0.0272540858
0.1605719320
0.2223414630
0.1860299979
0.3024381565
0.0629902702
0.1237535473
2.0797120725
0.0834860908
0.0604869161
0.2772505715
0.2962685434
0.1620476911
0.1087535145
4.2929079884
0.0694997504
0.1308139274
0.0979877313
0.1210015566
0.3017328880
0.0318486494
0.2991903006
0.2161396946
0.2494851492
0.4447844787
0.2941982723
0.0238364663
0.0999568306
0.0219346872
0.0710245655
0.3439026832
0.1423848783
0.1364082113
0.0219051084
0.1684536800
0.0518507665
7.4650966554
0.4800140113
4.0370445964
1.9379637514
7.6694247131
0.4800140113
4.7482115816
7.5667762643
1.7601595139
2.1312869523
1.2841644205
5.1587443374
2.0609697294
0.1722599428
2.6191916415
4.5279475983
0.9480959097
1.1647858198
0.1722599428
2.1002606650
0.6605892456
0.3518045499
2.3585393905
0.2585585828
0.2585585828
0.3518045499
2.4530748186
0.5779010633
0.0201891501
1.5636414202
0.6329702101
0.0201891501
2.3424796748
0.5590965001
4.6518729889
2.4090093122
0.9606182196
4.3875201126
4.2052002811
1.6885314769
0.4420604566
9.1989711734
0.6146281500
0.4420604566
2.6828024536
0.0406637812
0.7684497094
0.9344921035
0.5499037668
0.0406637812
2.1223273747
0.2139759056
0.2139759056
0.2283034766
0.0209426174
0.0209426174
0.2283034766
0.6340752013
0.9361718218
0.0162006331
0.0162006331
2.7396593674
1.2820868516
0.9713343480
5.8273578925
1.3007552199
2.4778294574
2.1255706054
3.8206446824
0.7347538954
0.9867557265
0.9947243951
0.3976978195
0.9867557265
0.3976978195
0.8324773414
1.5705315421
0.8132701422
1.4430970914
6.1333202947
5.3823958030
4.0680947652
1.1425400502
1.7348850148
1.6462923801
7.8068114511
2.5147331201
3.7186122565
1.7597712107
1.3586900464
0.6762581269
5.2072706509
0.1207551186
0.9006410256
0.1545175488
0.6825057547
0.1545175488
6.3316598682
1.2183417997
1.8279809694
2.4104756289
0.6762581269
0.1207551186
2.1348935051
1.0963666215
2.6215841069
0.7243227582
8.3405868452
0.3092938498
9.0676555024
3.4859183182
2.7451475155
1.6863862683
4.4400398406
0.8785030308
0.5500852632
0.0714430495
0.0714430495
0.3092938498
5.8087456401
0.0542031083
2.7593797159
4.1151136037
1.8299911531
3.5456632235
6.2724895767
1.5832925551
3.3249218084
1.0982382801
2.5510056896
3.1232135123
0.5500826152
0.8728408390
2.1866308688
3.6857330372
0.5500826152
2.3252914864
0.0542031083
0.7520398285
3.2655033894
3.8854871630
4.1811840121
1.6159949556
5.4196381054
4.4797499014
8.4250486123
4.3146747352
0.8441759603
0.2523024642
0.3278566409
3.8850545331
0.3278566409
3.2215664845
7.2191886340
1.9687224898
3.2559642147
1.1695889787
0.2523024642
4.9090281506
4.8251308901
6.6418612757
5.3815584591
2.0508571862
2.0508571862
1.6919659192
1.4643167217
7.7739578143
8.3553480475
3.1922422673
3.1922422673
1.3674527513
1.2762989082
1.2762989082
1.7382091491
4.0576416972
2.7763910138
2.7758765610
0.7371347113
1.7382091491
5.1722770900
0.1383015183
4.2671339564
2.2952686177
5.5462060195
1.2033466036
0.1383015183
3.3948668195
3.2891811782
6.2536945813
7.9279083890
6.8164313222
2.5811569567
4.5340727122
2.3183988839
4.3591497031
1.1984349624
4.9048226950
2.4932897820
2.4286411188
0.1870884650
4.6960419710
1.8138330917
8.2767589196
0.0664392395
0.1870884650
9.4751090837
0.5101519071
1.0139552259
0.2542341721
0.7327368742
1.0139552259
1.5117495201
1.9523413269
1.2328136841
0.9658724678
0.1056806846
4.1822089947
0.6379916586
0.2542341721
0.7327368742
1.1903622934
0.0664392395
0.1056806846
2.0100963391
0.5101519071
0.6379916586
1.9254436506
4.0043307311
3.1461811413
2.7747629944
1.2813914325
1.7418172157
1.9453845748
0.7125934849
1.8704175015
2.7456616052
3.5846988991
3.4662439100
1.1807382266
1.0811291807
4.9984592471
2.0067727735
0.9573114512
6.7500000000
6.2351859956
3.2623723042
7.2627385043
2.2453893855
1.2830064931
1.3206147544
3.7298991782
4.2860158311
1.7228075612
1.3206147544
0.9673520924
6.6596432083
4.8461538462
5.2532867519
5.3282011983
3.8882850242
2.5653062488
3.2485652340
3.5514405533
4.8425006893
8.8630287493
5.4413628508
5.1766778616
2.8879474321
3.1831669245
3.3590666759
2.2944085726
3.6458758837
1.7516795069
2.2037725064
5.0885752525
0.6833559662
3.9763137852
1.0293390580
7.4609414121
0.6228165281
4.3035743882
2.7177601810
1.7259422111
3.0117061021
8.0921379997
4.8307812278
1.0888797308
3.5350095481
7.5604334316
1.5573911682
2.3363331381
1.4248053786
7.5344007319
0.8274545732
4.4008774161
1.5980107385
5.8882457410
2.7962671771
3.2157731247
1.0708109212
4.5080753701
1.4185042508
2.3179315476
1.4500640205
3.1396687799
1.4090007511
5.7816209878
3.1964930765
0.1905862836
6.3904787376
2.7894060620
1.8852147082
1.4090007511
0.1905862836
0.4718708758
1.5259309259
2.3550724638
2.4802414231
1.0751706841
1.2745011413
2.6781420765
0.4718708758
0.8383757381
5.8778894163
0.9819451301
1.4494426979
1.7792930199
0.9843277946
1.2455544998
1.1354057166
0.8926883514
1.4283832936
6.5278879813
1.5447042641
3.9620208856
4.3336005210
2.5449472014
6.7417954378
6.2322501878
6.2905503497
0.1725817442
1.1266646580
0.5528595148
0.9320687786
0.9320687786
0.1725817442
0.5528595148
6.1874339323
5.0005491488
3.1726215034
0.7036390977
3.3546694648
0.9625351696
8.9573522459
0.8199364482
4.4829873281
1.8787584869
4.6106657942
2.6460841241
2.5576504027
1.6043206963
2.9082542829
3.1286066584
4.6496367290
1.1624214734
5.5957830831
1.5257501745
8.4095346413
4.6705613938
2.0865399317
6.7680145650
1.5824633231
0.9257498356
1.3473931598
4.2058710668
5.2287027218
1.1039534063
1.7290542000
3.6284182451
2.8102036173
2.9476824231
4.1228142237
0.6315124724
2.2837848388
3.8100890208
2.7232018267
3.7699674738
0.7790219626
3.6284182451
1.9976089902
6.4784190107
4.2688875264
1.8935845671
5.4985450405
1.1729078154
5.1952404894
0.6365008385
7.5530070151
5.0513781814
1.3918492945
6.6976625646
2.3341120282
6.0475524476
4.3186310848
4.4480123903
1.7645427168
3.6832908628
1.2380952381
3.7611379057
5.2586764625
1.3000316991
2.2764164997
0.1332887211
6.3923719103
2.0943289935
0.1332887211
4.9838996695
5.1571098174
1.9458592340
0.4042399590
6.6259230052
0.5728069645
2.5757871613
5.4720717105
1.3463866715
1.7917389601
1.2013037405
4.6266945266
5.4820069753
0.4042399590
0.8108579715
0.5059192553
3.4923472118
8.3549178095
0.5728069645
1.3463866715
0.8108579715
2.7689561306
2.6354030974
0.8975276809
0.1979345165
1.0706072484
4.2968243681
0.8975276809
1.2091029403
1.2135682925
0.6791537811
1.0706072484
7.0531990860
0.6791537811
3.9659576831
0.7717967205
2.7689561306
1.2342089178
0.1979345165
2.3141447368
0.5310248916
0.6144393241
0.5310248916
0.1254316158
1.0240031187
1.2342089178
1.0725388601
0.1254316158
0.7717967205
5.1588764376
0.9786554893
0.3511507625
0.9786554893
0.2485029378
1.0936757448
0.6547355525
0.7378674432
0.2485029378
0.6547355525
2.0607994625
3.3373291272
2.3851143507
2.8598996795
4.6073147257
1.2706628721
4.8682589566
0.3511507625
2.7160691635
0.8538011696
6.9643401660
5.8341167371
2.4042196375
2.7654435194
0.0750203229
2.0382812097
0.7629010788
3.1792659975
0.7629010788
0.5878105005
0.5878105005
1.5277684281
4.3412060302
1.7230575565
0.0750203229
5.8756856742
6.7646034648
5.2732047037
1.2782022107
0.8446198587
1.7604708673
1.7604708673
4.5004087054
6.0109719978
1.2145168343
0.9821441639
1.6890248776
2.3309131246
6.8858529111
8.0749875436
1.2171172539
3.6229025301
1.6890248776
1.0628352490
0.0941015065
0.4352015905
7.1916004540
1.9840840841
1.3497744883
1.3827256089
0.4352015905
5.0497752350
2.5704349283
0.7243185260
5.6747374562
1.2163905325
2.6288506128
1.5827314511
0.0941015065
1.5768742759
3.3027072131
1.4213923844
1.8713729139
3.1632244057
0.5587216449
1.2052916989
2.9386275941
0.7656565657
1.5602861893
4.3181056531
0.9943464687
1.8028201978
0.5386676671
3.2317501896
1.9617213780
5.1562000457
2.4262240457
0.1339913675
5.3604685428
2.9257607407
1.6701833387
7.2844432214
8.2992180115
0.7613372842
0.8824550428
0.1339913675
2.4262240457
0.8824550428
1.8332487310
0.8216284429
4.4079214624
5.4602302010
1.7186329160
1.7369731307
0.5352395672
4.6739212008
6.4837154040
2.5754014130
2.2463392716
3.2588750576
6.9479940565
1.5080205326
4.5982424516
6.1152889135
4.3749196601
3.9825284199
3.9479655378
3.1361090641
4.1017647742
5.4427180998
2.5544486035
2.3474756691
1.0324212095
7.4895536196
1.9839261936
1.7984505293
2.4196996347
2.2564451398
4.6488300381
3.5614452241
5.7714406125
3.0634181730
2.1852048962
2.2613258794
5.6426398513
2.4659043286
2.9033670689
0.7231684083
2.6717463249
4.7782181955
5.3425677883
0.9122788762
5.8960560265
1.4087938864
1.6604326157
2.5383617194
0.6722554778
1.1899586470
9.3736231602
0.0366279043
1.3640330880
1.1979392706
3.6148629819
2.1829533116
1.4242630540
1.5154716981
0.9883376161
1.0867715079
0.6722554778
0.9466385116
0.0366279043
1.1979392706
1.0546239090
2.8967637789
0.7145919680
1.6464120370
2.0245571042
2.8698089172
1.0641272903
4.2388792387
1.9399902987
1.2795142631
3.7045710772
1.5714188407
1.8151724138
2.3481509625
4.3061075851
1.8232018828
0.8280026983
7.7536898905
0.8280026983
3.2258811609
1.1071609383
0.8754267706
6.3574827322
1.3620271907
1.5095597812
6.3656862037
3.0152945005
2.9131044968
5.3910217654
0.5811970736
1.8098676294
4.8037440540
7.5450899844
1.8075750281
1.6981082639
0.6908037654
5.2935710870
0.8659302456
2.3394833948
1.3835575261
2.7557037128
2.7073936773
2.8391596824
3.7462166074
0.6341154090
1.9245028143
2.9672219883
0.9452689290
1.6553016780
1.6981082639
1.8597409326
1.4153181719
1.0782438067
4.7145267679
0.0313112888
3.6953515175
5.0905060644
0.0313112888
3.7038506852
2.6577554089
3.2408199890
7.4496529429
6.1917716205
1.3758159887
4.2277655867
4.1770300797
2.1468871033
6.0781236601
5.0506557377
1.3758159887
4.6347998677
3.1733350882
3.3286520541
4.7566589087
1.8531224186
4.8456610289
6.3028675039
4.7883394587
6.2852647421
0.0373690828
7.8677830786
3.4928909953
1.4114416720
4.8456610289
1.0884241307
1.8531224186
0.0373690828
0.9764638814
0.6210768053
3.4005491314
1.8211357270
1.7688712522
1.7724454031
3.2642171344
1.1680065270
2.8342054946
0.9065132526
2.2040993135
1.1680065270
2.3612490345
0.7089384203
1.4850535444
2.2040993135
0.7089384203
3.9750157843
1.2010325407
0.7179202894
0.5744815304
0.9065132526
8.6313836539
4.1741879419
4.2341580409
4.3938831240
1.7705386938
2.6733682181
4.1741879419
5.0483038107
5.1311775673
1.3145677485
0.1930943563
0.3106375454
1.3117598630
0.5781661627
1.2465680324
2.4251056357
0.1322566651
0.6001413149
0.0201878286
0.0201878286
1.9402426646
0.1761815317
0.0980365946
0.0525887096
0.9294563165
0.0784232178
0.3881131503
0.7135178417
0.1439016580
0.6399783975
3.4155760654
0.2001398611
0.7222256303
0.0774380270
0.7353522567
0.0250492315
0.0758662695
1.1078659253
3.6474548311
0.0755682439
0.0177909312
0.0677379641
0.7632517852
0.2712713822
0.1345556942
0.6108715904
0.0712017697
0.1100860310
0.2177354749
0.3607006729
0.7304355955
0.0552292242
0.0177909312
0.1587361462
0.1766142455
0.0331665753
0.0786170155
0.0829119490
0.1444918571
1.7708413106
0.7645432136
1.0485354847
0.9915929767
1.5682247900
0.1680783548
0.1990830535
2.3081722629
0.0684091329
0.0483216860
1.7597938182
0.6315359477
0.1943545340
0.0308808625
1.3243294049
0.1475182121
1.2242562929
0.0672499744
0.0692708094
17.7517361111
0.0483216860
0.1769335434
1.6195428639
0.1627370457
0.4898042692
1.7845275791
0.1355332673
0.0465250162
0.5906751402
1.0095591265
0.1784949593
0.2180154743
0.4724743174
1.0940214360
0.1103540587
0.1767999283
0.1018156416
0.1503624552
0.0257250798
1.0274374040
0.3997732038
1.2635016924
3.6130753836
0.2839972616
0.9608463148
0.9853180121
0.0660809894
1.0307477420
0.2340817083
0.1691815080
0.0381116365
0.0664465787
0.2305290048
0.1484737426
1.4910591388
0.5449510316
0.6882402253
1.4627389636
0.0363908470
0.3826205868
0.8910275129
1.2159906006
0.1511743083
0.2334934564
5.7787244312
2.2363529245
3.2409599305
0.5680790551
0.0349669222
0.3560940384
0.4470893743
4.3585156319
0.0494139645
0.1082325570
0.4959752314
0.8492302220
1.2946881856
0.5263034484
1.1153079415
0.8045958630
0.9370565068
0.3326418005
0.8653023905
0.1044815044
0.4437005160
0.2019153457
0.0989934670
0.5650180207
0.4278202086
0.5246028200
0.0587615071
0.0269113770
13.7564507384
0.0614846619
0.0119678457
0.0214558544
0.1595232845
0.0436994028
0.3462059606
0.2512985537
0.6483171081
1.2935823715
1.2935823715
0.5107063713
0.6537267416
0.0695010745
0.3421603479
0.0511103898
0.6743959937
0.0298339253
0.0868148716
2.7616851975
0.1358357992
0.6751743405
0.0083774361
0.0947115066
0.2081267047
0.2081267047
0.0546900129
0.0546900129
0.4537019804
2.3331037447
0.4440185252
0.1387386955
0.0406869725
0.0247746184
1.4032158057
0.6750380715
0.0083774361
0.0588200488
0.8132206587
0.2075388547
0.8065517126
0.9890982602
0.1166558580
10.7727485871
6.6774212084
1.1438703352
1.0272541726
0.5137508061
0.6006902744
0.2070765060
0.7852263023
0.2741462606
0.2606410099
0.1485802061
0.2306026567
0.3817002906
0.0886884380
0.4427551707
0.2120632903
2.2253059354
0.4662767865
0.7155965568
0.2205901998
0.2853989637
0.3970148580
0.4578388057
1.2900834725
0.0851351717
0.1619530025
0.4022665392
0.0497879346
0.0312971719
0.2201845695
0.0287063995
0.0448154615
0.3730532542
0.9213284663
0.0416047231
0.0118407934
0.4225573300
0.3676264349
1.6451672470
3.0332927738
1.4008932369
1.2676920269
0.2576578030
0.2278750924
2.0585181797
1.1405781505
0.1183755838
1.1241856688
0.3247201537
5.4537888793
1.0674725643
0.5420644208
0.0186262721
0.0727917227
0.2752783315
0.2000566217
0.0914836485
0.0651225535
0.1495438903
0.1771273527
0.0235241786
0.1456781438
0.4385749033
1.1425664796
0.8576655217
0.1295903396
0.6172688869
2.1992214008
0.1595812241
0.6818146319
0.4697698038
0.1571035265
0.0906085708
0.0621475721
0.1768609465
2.1149523310
0.0454199196
0.8351618029
0.2670596303
0.8169459893
0.8278383141
0.2278981841
0.7510859960
0.1183410777
0.2484789146
0.7037023091
1.9553290930
0.3084946279
0.8168281190
2.0726706419
0.2990074039
0.6376213931
1.5104356801
0.1144212690
0.3775895704
0.6245731596
0.0639229814
0.5494521484
0.2196318543
29.9905094458
0.1880107550
1.4772089130
0.0954316739
1.1507270804
0.1083278825
0.1083278825
0.4727022190
0.0830547352
0.5772128852
0.1325816080
5.8326595983
0.4056070245
0.0736074894
0.0911134696
0.6678438297
0.4975514364
0.5691253421
0.2957177161
1.5391477113
0.2521496376
12.8466354629
0.3993454423
0.3845658917
0.0919199019
0.0506462560
0.4513064411
0.0264965793
1.0322184098
0.9855879082
0.1443961694
1.1218581963
0.0604347472
1.0817843626
0.8797814590
0.0656963930
0.4073474484
0.1373582714
0.5978619617
0.2823386596
0.0511280613
0.0607294102
0.0832177282
0.0130418672
0.0180664000
0.0306129048
0.0219774907
1.3938206107
0.0376854060
0.0214062230
0.0104343398
0.1323665755
0.0619552240
0.0776376689
0.0656963930
0.1443961694
0.4608036942
1.1221177046
0.4517502836
0.8587627917
1.0709190185
0.2195057387
0.5746426666
1.0983108050
0.5746426666
0.0635156485
1.4820840308
0.4425523586
11.0910361970
1.6868978805
1.2601463295
14.4173029626
0.9561563289
0.1006589754
0.7648898056
0.8210990660
0.7136020467
0.5412478367
0.5713010377
0.1639670036
0.2938703592
0.5318741069
0.0190150870
0.0622853958
5.1535693445
0.2966450380
0.1123009995
0.0577193917
0.0440106914
0.1609645507
0.0102677522
0.0631688887
0.5437220723
1.5792429908
0.5928015645
0.6102855896
0.6545941352
0.0201825873
1.0020542006
0.5536443552
0.0841921504
0.5107876773
0.0766084134
0.0499747040
0.0340228674
0.0802892812
0.2255712030
0.0449016320
0.4978816177
0.0922744925
0.2013778708
1.5792429908
0.0539237640
0.4324261783
0.0408439858
1.3344641150
0.9033405795
0.3324381295
0.0967101476
5.9472228640
0.3167900857
0.9545385175
0.5739448373
0.2277597820
0.0937225779
0.7964236495
0.2294338362
0.9076424382
6.3165410757
0.0213780657
0.3956804873
0.9409244063
1.5053619527
1.8591977970
4.5275116499
2.1591949673
0.9208782862
1.3953624070
1.1258871764
0.5720177959
0.3937392499
0.2671495003
0.6267829152
0.0133599897
0.3198256118
1.2675178720
0.1428036692
0.4433349276
0.0525476368
0.8629463045
0.9001114255
0.1851743811
3.2113337292
0.0359642698
0.2012348728
2.9149716766
36.1702060347
0.7772561943
0.2268652177
0.3243921096
0.5317417684
2.6983295077
0.4996424205
0.6278921106
0.1087073571
0.1470231923
0.0892254516
0.2666430510
0.3405377716
2.0347094749
0.2324102375
0.4430271088
0.0639944005
2.2566867584
0.6125643363
0.1002066646
0.1254789796
0.5522702160
0.8455018453
0.7868912927
0.5396302694
0.6493519829
1.6546182125
1.3665286935
0.2749389889
0.7328711687
12.2842380366
0.0314993409
0.0571704267
0.3356874477
0.4903864023
0.0733197620
0.3386414578
0.0314993409
0.3661896700
0.0828139695
0.0829252990
0.1041708351
0.4903864023
4.1279277125
1.0625464807
0.5419082045
0.9259274328
0.7315827733
0.1986361628
3.2770911329
1.5772824187
3.8117509728
0.0603047551
0.2562697297
0.7602521240
0.2435782405
0.0796320993
0.0496872657
1.2992665538
0.6654592311
0.8351737140
0.0976550314
0.4685714286
4.0250549199
2.8554356932
1.7258281644
4.1234063342
0.4190050992
0.0968774699
1.0034017668
0.6507623772
0.0968774699
0.3561410325
1.7258281644
0.1340120494
1.2607917836
0.3794824637
0.1972669613
1.1482796286
0.0456782932
0.3529521058
1.1674328476
0.0792552661
1.0551558123
0.3794824637
0.1972669613
1.0952166274
0.4945154640
1.3902295733
0.1090691648
0.6214901661
0.2401370782
0.0512514204
0.1080889728
0.1273272898
0.0780285365
7.2455625916
12.0127662113
2.3289439249
2.1597510741
0.2709239167
0.5225547261
0.0850352433
0.7548818261
0.1184062686
0.1454526679
0.0449847046
0.0837558614
0.1026682070
0.0654084144
0.3097305964
0.0521791023
0.2970315800
0.1273272898
1.0377804188
0.4153809463
0.1685675806
0.9992006750
0.3359327428
0.5940060661
2.8444031794
0.7887292757
4.7952276581
0.1059404492
0.1831641975
0.3099789181
0.1022574440
0.0596720161
0.1158605227
0.0255525744
0.0149755412
0.1968596375
0.0467874337
0.1000013328
0.0691751003
0.0516206922
0.0217921864
0.0137121399
0.0306732293
0.1433465497
0.9925080762
0.3259531927
0.2612884642
0.4909624322
0.1022604024
0.1729662138
2.1288683992
0.0930501050
0.6386971723
1.8713398279
0.0376883902
0.0708491682
0.1250078130
1.4165726796
0.5179696510
0.6886036635
0.1060622882
0.2089645788
2.3705451606
2.1568121806
1.4598516423
0.4634434607
0.5632607085
0.8414644478
0.1287644501
0.0643445059
0.2830756145
0.4028009291
0.1687595625
0.1463843774
0.1486451240
3.6024880246
0.1495550617
6.5822147342
2.8059579267
4.7929093723
0.4231997821
1.0041637047
0.3553188587
0.1245962724
0.2444410740
0.0920079057
0.5004661824
0.0319848520
0.0899086355
0.1880718338
0.5069197646
0.0326661810
0.0675206112
0.0387439132
0.0971956703
1.0888974446
0.6476098625
0.6450996793
0.1202322250
0.3212204655
0.9865017629
0.2671923075
0.0414437918
0.1983246291
0.5530260088
0.1303081891
0.4283643909
16.0514329430
0.0425561064
0.4164536924
1.0861532086
0.0276429070
0.4352115324
0.9057628640
0.2343966492
2.3732222293
0.4714363253
0.0583371164
0.4420682869
0.2940581203
0.1343389556
0.0388744997
11.2386717784
1.2035357856
1.0807357300
1.3901621618
0.3456689791
0.4537449470
0.1965271915
0.2075924045
2.8643936459
1.8883351764
0.7830457071
0.7502439955
2.6190056525
2.7588890430
0.6278514647
1.1454586304
0.6451248077
3.6255478835
0.2184790503
7.7131451977
0.1405449105
0.0826609895
0.3439175124
0.0779606270
0.0604384978
0.1935044727
1.5003728490
0.2575083426
0.0260309634
0.7830457071
0.2644792497
2.1102819517
0.0303270223
0.1126921523
0.1839689941
0.3846628575
0.1994345601
0.1883850640
0.0203818916
2.3228022747
1.3095247522
0.7060368879
2.8601700024
2.3925877251
0.5941254646
0.8683819064
0.3733178993
9.3319851767
1.2519919134
0.0568599413
0.0640797939
0.1365497675
0.3795947612
0.1821491411
0.2037359989
0.3140727607
0.2137582795
0.0545734265
0.1719940823
0.0860827219
0.4976116476
0.1887731909
0.2266616712
0.1508628904
0.3336703412
1.1472709774
0.4722875104
0.2460400034
1.0356983966
0.1196745990
0.2833128748
0.5564983855
0.2621597889
0.0173039554
0.0191996093
0.0104507732
0.0136732530
0.7313550622
0.0422304411
0.0792580893
0.4885705801
0.2136049855
0.1205370433
0.9650146664
0.9666388161
1.1768136299
0.2901980119
0.7205644116
0.1559096752
0.0359426731
0.0705446399
0.2076016065
0.8245345542
0.4004100917
1.0640371932
13.8143793959
0.0440162543
0.1056368239
0.0955650704
0.0770594817
0.2147086844
0.0513111386
0.0297209097
0.2703527361
0.0151580147
0.0153769033
0.1072614314
0.3592305793
0.2658065594
0.7910298938
1.0289567768
6.3434354295
0.0331894221
0.0453839673
0.7730036277
0.3117746337
0.7192105910
0.0677577446
0.2467563857
0.1250140464
0.1656371368
0.0677577446
12.1227505409
0.1656371368
0.0580409314
0.3171018966
0.0175557553
0.0218995686
0.0317148577
0.1358510908
0.0150704997
0.1425242999
0.0883244333
0.0410998315
0.0359924044
0.0126111197
0.8601539617
0.6367422037
0.0613029530
18.5408345825
0.2678395129
0.7911757737
0.5928928410
0.3965722439
1.0116159159
1.4165245186
0.2216522649
0.4886864202
0.2874981271
0.2995700183
4.6457777989
0.1953040679
0.2502104951
0.0364534090
0.4428699765
0.2390629961
1.7380697766
0.4831546030
6.2843828600
0.5551774317
1.4687867102
0.0364534090
2.8669929991
1.1364315587
0.3306827733
0.6226071365
0.0932785909
0.0420724653
0.9108730976
0.0242260059
0.0114799691
0.2031994487
0.2519764614
0.0137939804
0.7177307355
0.4653980750
0.0555811803
2.3769236958
2.2488883554
0.0112920837
0.2053191010
0.7377482663
0.6464556665
0.0793507898
0.5305718912
0.1118294128
0.0651260790
0.0233307436
0.8424806242
0.2568965639
0.3096601731
0.6295817552
0.2977791710
0.1417451965
0.1247680955
4.5435301133
0.0550752835
0.5764218138
0.0825613949
0.0286872830
0.8474819123
0.2443035865
0.2475241137
0.7557792215
1.8198387529
0.0385871015
0.1655222844
9.4574505838
0.6294630680
0.8467378591
0.0228158314
13.4740451261
0.3024397229
0.3492681121
0.8093195522
0.0784539901
0.4608419915
0.2257576188
0.0767404531
10.0212875980
0.3472015818
0.0322223640
0.1607146175
0.2370823489
0.2581421413
0.0286316320
0.1136921616
0.1726590323
0.0305758932
0.0612083859
0.0204637914
0.3492681121
0.0729989876
1.3268943093
1.7142441860
0.1549000389
0.3039693267
1.4443394276
0.9988064217
0.9937849348
1.2645188025
0.0546022553
1.3635751710
0.0349033035
0.1082617602
1.2624188826
0.4031902485
0.1569159655
0.0733061338
0.0319608452
0.9192086496
0.0407806322
1.9101920936
1.3304813937
1.7784515370
0.0975703508
0.0146795657
0.1952374048
0.4806972845
0.0343848423
0.0200184696
0.7179049190
12.0725548402
2.4033747855
0.3072822623
2.6891879317
0.5095822507
0.5204763577
0.4363236007
1.0103543984
0.1170954482
1.3324266623
3.2431787176
0.1421331749
0.7645735040
0.0312252333
0.1949718805
0.2903301619
0.1206985967
0.6111697223
0.0838180812
0.1296971686
0.3760622751
0.0218985264
0.2992971988
0.0717905328
0.0301292131
0.0223151565
0.4929397435
0.7336928846
0.0877971195
0.0942700136
2.1389472059
1.1879072776
1.8278453849
3.3666483181
0.7534096788
0.0832411226
0.6280180064
0.8282901398
0.1096177555
0.1155839583
0.0409677824
0.4574813649
0.4284228557
0.3024607708
0.0417096210
0.0240091834
0.3620380411
0.1493067614
0.0483789982
0.0401200821
0.0272549372
0.0119654152
0.0450485785
1.1334897318
0.4086918967
2.3202631629
0.2402539308
0.4581471929
1.0193645959
0.5553990967
0.0602969446
1.6593785203
0.2705354439
0.0315200905
0.8677216528
0.2884274294
0.0989606869
0.3179854981
0.2066862338
0.3528632840
0.0251016416
0.2615586783
0.1829425530
0.0246974190
0.0160976826
0.2879802682
1.5104483978
0.0882633959
0.2879802682
8.0613682093
3.0356512291
3.9429712435
3.8678833792
7.9698901908
1.6342096894
5.8765977011
7.9698901908
0.5703483813
3.9429712435
2.8302674208
1.0697142857
6.5347517730
2.7353014761
0.7526335858
3.8073325381
5.5285010973
0.7526335858
0.7320820098
1.3254744958
1.6067568649
3.3057281406
2.2023570152
2.3970100891
0.8346089513
3.0763511063
3.9594959716
5.9984793765
4.1225316456
4.8828266400
1.0843825806
7.7800451382
4.8828266400
5.6857142857
3.9594959716
4.9969604863
1.4073573574
3.5398163497
1.1617901526
9.2159367990
0.8714760122
7.9707442107
4.5472239170
2.1626034570
2.8740475123
4.1340972437
1.9127862104
3.5398163497
1.2840735069
3.2913851895
2.1166738002
3.9119970312
1.2915003345
4.5904201681
1.2915003345
1.3050912551
1.3050912551
4.9022915651
0.8187431892
4.1822620016
3.0952059833
8.2411669091
2.5977432297
1.0063139560
2.1166738002
2.5694831322
1.1208587853
5.3822987842
1.6540827825
2.7894495394
1.4867878543
1.2285631354
5.3405346690
4.9699177234
3.2899835918
2.3099365882
4.6063637956
3.0291771280
1.1925901951
1.0470194412
1.0955158563
4.9699177234
6.9430570997
3.4438208959
2.7205741906
4.1974424859
1.1925901951
1.1208587853
1.0470194412
1.1673943004
3.5310856518
4.8851501106
3.5389210379
0.0349428512
1.4867878543
3.2899835918
4.2110781932
1.2645295485
0.9760491841
4.8851501106
2.0821543427
1.6864387956
4.1974424859
3.1967844582
2.5646137799
0.9301240469
0.0550651550
0.2669110111
3.3569486089
2.5646137799
5.6660612787
3.9166083256
3.0909123574
2.0017689902
6.8076238708
6.3307126628
2.7894495394
4.2110781932
0.0550651550
0.5182689816
0.0349428512
0.9297123555
3.9166083256
2.9373207457
3.0291771280
1.0142440741
0.8238993711
1.5338727207
2.4514205092
0.5471956224
8.0878838022
3.4438208959
2.0017689902
3.6412664503
2.3099365882
1.6540827825
4.6063637956
0.9297123555
1.1673943004
1.9861553928
1.5921115665
6.3307126628
1.4237311964
2.7358240091
6.9430570997
1.7205353126
3.5310856518
3.0909123574
1.6864387956
0.7103786318
1.4992423757
0.6652367091
0.2669110111
1.9861553928
0.9760491841
2.0821543427
2.7205741906
1.4992423757
1.2285631354
0.5059192553
3.6412664503
9.5832762166
4.2567280754
5.6660612787
5.3822987842
1.0955158563
1.1064007141
2.2119874010
1.5203972490
1.5423934970
2.6505845417
5.2613963603
0.5771671697
6.0608439831
0.7543175627
2.3883956181
2.7624103434
1.4415013890
0.6087755528
0.5079153031
4.6096253681
1.4789239950
0.9807249725
0.7543175627
1.4307721259
4.2848001941
1.5203972490
9.6056447689
4.2848001941
1.4307721259
2.3883956181
7.7979320795
1.6879312523
2.2323380326
4.6096253681
1.1008578577
0.5079153031
1.8028261936
6.1233394852
5.4869180595
1.1466025781
0.6650890967
0.2810610307
0.0533029486
2.0935729308
1.8028261936
0.5771671697
1.3760176194
2.2323380326
1.1064007141
2.7624103434
1.3527627521
0.8767051062
0.6087755528
2.2119874010
0.6650890967
3.0373224211
1.5423934970
0.8767051062
1.0299872123
4.8324146434
4.8324146434
8.1100681838
5.4869180595
0.9140976135
1.2760598504
0.5785834739
5.2613963603
0.5687842278
1.1105983002
4.7971599965
1.0604575989
4.0969394249
6.1870134466
3.6034589995
1.6879312523
1.3025137244
3.0373224211
3.0934707897
3.9789552100
4.1022347239
3.0934707897
2.2332343695
1.0857280850
2.5535355671
2.6505845417
0.8805917577
1.4789239950
0.6277463905
0.0533029486
0.2810610307
0.9807249725
4.7971599965
2.7810516229
4.0969394249
2.0935729308
3.4555199699
1.8499365719
6.1233394852
2.2618407637
1.3961719032
0.9815686959
6.0608439831
1.3760176194
4.1022347239
3.4555199699
5.5399647082
2.1243295173
3.6034589995
0.8968082122
2.6561901794
1.1455527508
2.0399006801
4.0940440098
1.7939239294
2.4078236668
0.8968082122
1.9670933922
3.3335095618
1.5763126174
1.8485907077
1.1689684971
2.0715411488
3.1720802562
1.1455527508
5.3795638564
1.6505053856
4.1673025215
2.6440078893
2.9174811962
3.1720802562
1.1035389668
5.3574057655
1.6505053856
1.9827910418
6.2283328081
3.1865760907
0.9529101335
0.1670924406
0.6903833443
4.1651615860
1.6424693787
5.0646890486
1.0853219508
1.7939239294
1.1155534403
2.9232261085
3.3335095618
0.0450087615
3.3302353979
5.6052102928
1.9827910418
2.9174811962
2.7287104623
0.3304365802
1.4564968517
2.0458452722
1.5763126174
0.3244713384
0.0450087615
1.0853219508
0.8466630292
0.6132762074
5.1637587759
0.6903833443
2.4078236668
0.6506492964
2.4419049035
1.8485907077
2.7162764385
1.6424693787
0.5998318473
3.5344704482
4.7681679773
0.6842285323
1.4731685242
1.4731685242
0.6081245439
2.0715411488
3.6699412614
4.7681679773
8.5809920302
1.3453979692
5.9089122612
2.2965985618
6.6906841770
2.0399006801
0.5003752815
0.6506492964
0.7782068966
1.2993389991
3.6699412614
1.0844192995
4.0940440098
6.6906841770
2.4419049035
1.2304281946
5.0536677211
2.6256374993
0.4177204612
5.3574057655
3.0803888289
2.1108390467
1.1035389668
0.7572368773
0.8043758044
2.3029406746
1.9184051709
0.5640714935
4.1651615860
1.2930129476
1.9716321556
1.5510694785
5.1637587759
3.9112361769
3.1865760907
2.1266124121
6.2227223045
2.7162764385
0.8982304859
1.1689684971
5.3795638564
6.2227223045
1.1155534403
0.6575054244
2.6440078893
2.6561901794
0.5887029054
2.6168744435
2.8241887906
8.5809920302
0.5909286328
1.0876847291
0.6256647688
1.1042345277
1.4399059290
0.8160640000
1.9716321556
1.1692720887
8.2370020869
0.6132762074
0.8466630292
0.3244713384
4.1673025215
0.3304365802
5.0646890486
5.0536677211
9.1921443737
1.9670933922
0.4177204612
3.2165269928
5.9089122612
1.9305179283
4.7725530422
1.0327148690
0.1670924406
1.9184051709
0.5998318473
0.5567325321
5.6052102928
1.9648666233
0.0698126255
0.8890349320
2.0234449347
4.1634192954
0.7755652698
1.5786162314
0.7403604396
1.3956579939
1.9430072757
4.5797845384
0.8890349320
0.8214098189
4.9244415059
5.0143417289
1.1932238457
0.3132810433
8.5854441360
1.8042303702
3.3532819909
1.5786162314
4.5980298641
1.2506813996
3.3532819909
0.6339958780
1.3379042847
1.2180121868
0.4377064947
0.4377064947
6.7195375983
4.5980298641
1.1711153206
3.0549007899
4.1154333239
0.1184986618
0.3133106882
4.8732976091
6.9000119353
0.7403604396
0.0698126255
0.6339958780
1.9142845219
1.8423645911
0.3132810433
0.3133106882
6.0784166713
1.3573478169
0.6561249262
0.3689794076
2.8565915217
0.6343515436
0.0058165635
6.4365772861
4.5361875267
0.7766387077
0.7651111400
0.1685507098
1.3573478169
0.8257980348
9.4472769409
2.6891680260
5.4464907978
2.7032897697
4.1199736947
1.9142845219
2.1134556575
0.7352320539
3.1831337178
4.1154333239
1.4352524928
1.0328564836
0.1685507098
6.0488651188
1.3379042847
3.4282102587
2.5992348159
0.4882360850
2.6967323564
0.4882360850
4.1199736947
1.8423645911
2.8515866322
3.7260531890
4.5361875267
1.8042303702
3.9138891460
6.5725765002
6.0488651188
1.1932238457
4.9244415059
5.5998959689
0.7352320539
1.2537853683
2.0257923958
2.8515866322
3.9138891460
3.1831337178
0.6257822278
3.6087514618
4.2484629766
3.0549007899
0.9687121962
5.5998959689
0.0058165635
2.4095782198
0.6720967543
4.1634192954
2.8076690456
3.5433509361
2.4936602334
2.7978642052
3.6865401515
6.5725765002
4.8732976091
0.3689794076
3.6087514618
2.3963469769
0.6521135781
3.4282102587
8.1372162741
0.5844193793
5.4464907978
3.0190257294
3.2724681740
0.4405729446
5.0143417289
1.0484075730
0.9158347834
0.9687121962
1.0007099752
1.3217796172
0.4405729446
1.0942111237
2.2124805711
1.5782189221
6.7195375983
2.5404818325
1.2180121868
1.5170021348
0.6343515436
0.8736430264
5.4191226554
0.8622323628
4.0941381023
2.5263247139
2.0678407351
2.6180085824
0.8257980348
1.5248021315
3.3255539641
0.8622323628
0.6186170213
0.2536153559
1.2280618935
0.8415392371
1.2127613476
1.8883315719
5.5719741597
0.7949125596
2.5858813701
1.3582197497
3.8289959119
1.8883315719
6.0784166713
4.5797845384
0.2536153559
2.7978642052
2.7032897697
0.5750100627
5.5719741597
1.3956579939
3.6865401515
1.7433789954
2.5594643543
0.1184986618
1.2049563399
6.9000119353
4.2484629766
0.7651111400
2.6891680260
1.0062395641
0.7755652698
6.4365772861
5.4191226554
0.7705311375
0.7192503915
1.4406747399
3.6216198483
6.3949441743
3.4118970397
2.3470811804
0.0015910115
1.2757466023
0.7707843853
0.1231515449
2.1369303567
5.2187348759
2.6320923361
2.1210519142
0.6455739574
0.0621013015
2.1820055329
2.6939489243
1.9099632599
5.5412021992
1.2340162392
0.1155151351
3.5043977129
1.4959728206
0.5369214980
0.7757910446
0.0241882645
1.8121909934
0.7546464542
2.6939489243
3.4118970397
1.6921075968
1.6014803513
1.6367056264
7.6362594747
3.9207578605
0.0622221518
2.1473342072
2.1820055329
1.2452358464
1.1476799834
5.6371553437
1.3884799361
0.7757910446
0.0622221518
1.5037424184
0.7642760871
0.7707843853
2.6320923361
3.6526168484
5.9824801732
1.8085378039
0.5093465084
3.6526168484
0.9231488516
1.9737472137
2.1443977997
3.1191149987
2.1369303567
3.6216198483
0.8163221050
0.0825965466
1.9099632599
3.1149169378
0.7528986598
4.2035858294
2.4338260279
0.5483731711
4.3066518344
1.4676333506
2.9450635035
5.6371553437
1.4340543788
0.6455739574
1.0343696213
0.1155151351
5.5412021992
0.0241882645
1.9666716042
0.5595031612
0.4021935832
1.1319976421
0.5071251078
5.9824801732
2.6773125025
2.1473342072
2.5388517738
0.4021935832
0.5839706653
2.4560176665
4.4676388035
3.0132935474
1.1319976421
5.2187348759
0.7142352169
0.0439345432
1.4691213715
1.4738528374
5.2117352396
0.0015910115
1.4108811138
5.7140913807
6.3949441743
7.3508515397
4.9289243647
2.1642320074
1.3884799361
2.4370354752
8.3112043858
2.8950888928
2.1210519142
1.1408097456
0.0621013015
5.8331489356
3.9207578605
3.5043977129
1.8531329742
4.3066518344
0.6569438970
1.6928923208
1.7086005018
0.6774608766
2.1393300715
0.0439345432
1.6014803513
5.8331489356
2.0316053954
4.7386733310
0.8376978931
3.4831007752
2.1337261005
0.9314964226
1.4959728206
1.2757466023
4.2035858294
4.7386733310
1.9521553142
4.4676388035
0.5483731711
5.2117352396
3.8196312981
0.5369214980
2.6773125025
1.7988986950
3.0679007775
1.6367056264
2.7916494077
3.8196312981
2.5388517738
2.1642320074
2.9115909751
0.7213818018
0.7148857064
1.1366209022
0.5141388175
9.4541777646
4.9289243647
2.1994098361
1.9306280652
5.7140913807
1.4406747399
2.2654158563
0.8314241569
2.3824177579
1.8121909934
1.4431215131
0.1231515449
1.7982962506
0.6240601504
0.8333145941
1.1522592500
0.0825965466
0.9228497601
3.2283982240
1.2965868968
2.5706503464
1.7848539597
0.8856651376
1.8147981196
0.6507835171
2.3824177579
0.7118221756
3.0132935474
2.3470811804
0.7743110439
1.4865161149
0.1396837731
0.3141200995
2.2672154888
0.4578115733
3.1331034655
0.0287912326
0.3051805581
0.4866589664
0.1893598112
4.0448751605
0.9508587956
0.4305456244
0.0136335254
0.9508587956
3.7483204587
0.1282773059
0.4770335450
5.2515453080
2.2672154888
7.9221769028
6.6627914206
0.1813228128
2.9686585904
0.0128558334
1.2361172050
1.1575612708
0.4116581035
1.3882282997
0.1275643958
0.4345978526
3.3869820916
0.0508793467
0.1294723265
0.4238360451
2.9789249879
0.1104300077
0.7721245901
0.0230979114
0.0804132951
0.0240924398
0.0295293812
1.4829924530
0.0176239384
0.7277736286
0.0236544305
0.2601200704
0.2447922301
0.1538401496
2.4501001470
0.0848210019
0.0514606236
5.2515453080
0.2317015876
0.5032046500
0.0269075938
0.1716531440
0.0219169880
0.0714351807
0.3164938839
4.1051702336
3.8811896727
7.5171063611
0.0587262378
0.2319277039
0.1863037763
0.5823244325
0.1897713256
0.3175312533
0.1893598112
2.9686585904
0.1175364130
0.1399388685
0.0139443417
0.2283304804
1.1797990146
0.0587737778
0.0995913509
0.4963175694
0.3258011194
4.0448751605
1.3385740226
0.3531533397
1.6964063811
0.4116581035
7.7335116583
0.1462791430
0.0117624226
0.1079882974
0.1671515053
1.3882282997
9.4461730995
0.1572038002
0.3113753144
3.2416181800
12.7762521250
0.1505851633
0.0769130711
1.3385740226
9.4461730995
0.1932383921
1.3252729895
0.0639374850
0.0713191278
0.0268598126
0.1396837731
0.0529254438
0.7823564955
3.8811896727
0.2144444876
0.0291140541
0.7382098491
0.5490855808
0.5452286156
0.0592739452
0.0725011361
0.3921388750
0.1177667332
0.1342340060
0.0514606236
0.0549534900
0.5105491195
0.2304370374
0.1207202768
0.1416622978
0.0364109408
0.0455641127
0.0625751960
5.4097774079
10.1624922722
0.0797207581
0.4980535764
0.1698524377
0.9709142558
0.0385968803
1.1305505314
0.0168041811
0.3655912133
6.0166004724
2.9789249879
0.0626675730
0.0488029395
5.0042586729
0.2934078884
2.4501001470
3.2416181800
0.0654888301
0.0236544305
0.0436453642
0.0949160763
0.1621502835
0.0498547345
0.0884700411
16.0321561507
0.4343285506
0.1323369347
0.0276012078
0.6466109317
1.0919290417
0.6288230037
0.0547967218
0.2043795620
0.0203483280
0.0884244962
0.1592695331
1.3433060615
1.4829924530
0.3962573853
6.0166004724
1.1886548148
0.0456429006
1.3747290026
0.0256046105
0.0483865924
0.1109317056
3.7483204587
0.0238133498
0.0251262105
0.2057784823
0.9824137611
0.0869363362
2.6644185977
0.7161406800
0.0813143495
0.1109011418
0.8340216715
1.4490585453
0.0370568075
0.0781941564
0.0359352842
0.0542954805
0.1190536973
0.0426254875
9.9493613741
2.2665182116
3.1331034655
0.1576693666
0.0981473409
3.3869820916
0.0935823732
0.0649023017
0.6122639006
8.1348071105
5.6300206703
0.3151327867
0.6122639006
1.8195496988
0.3151327867
3.5211080253
1.8195496988
0.2351546722
0.0502366752
1.2644298574
0.5168912176
0.2519651061
0.3185237276
0.1643599731
0.0957390630
0.4276511660
1.3355252642
0.1113276610
0.0475238127
1.6385960236
3.5211080253
0.5369914210
1.0122060403
0.1800918419
0.0299357280
0.8093475052
0.8466909130
1.2918840427
0.0335687673
0.0737384829
0.2795780218
0.1364884768
9.4053390140
0.0301804724
0.3576633368
1.2547369290
9.7339082691
4.7058498012
5.3051548233
0.1056201915
0.0740160417
0.1493324199
0.3119969109
0.1058062412
4.4010512428
2.3428572400
30.7753338570
0.0744682464
1.4285520572
7.4045451382
0.0925371732
2.3428572400
0.1031750073
0.4539348543
3.0058721706
0.0656411773
0.1436751533
0.0221545449
0.0101472158
0.0667687390
0.4055009061
0.1361402774
0.0732703610
1.1676490357
0.2437067659
1.0100017380
0.7925210301
0.0734226908
0.0692061551
2.8333744403
5.6300206703
0.1485249772
0.0464469318
0.1482715535
0.1193776710
0.0229264091
0.0134782677
0.0475105641
0.1538391747
0.0473641213
0.1643599731
4.1416745353
0.1699398022
0.0297217493
0.1094099053
0.2138726132
2.8333744403
0.0440924282
0.6816382698
0.0886231781
0.1240388970
12.1359287536
8.1348071105
0.0363495862
0.6059842781
0.4811996653
4.4761613793
4.1416745353
0.0257910388
0.0183756318
0.0658606902
7.4045451382
0.1045998796
1.7208214385
0.1937569776
0.0394781046
0.0554460569
0.0611835291
0.4265452125
0.0595696339
1.2619473346
5.3051548233
0.1003696751
0.8969072595
12.1359287536
0.0371177135
0.1131757975
0.1044370931
0.0234917603
0.0624661789
0.0682720044
0.0191463298
0.4920658062
0.0210949773
0.1439512725
0.1408531648
0.3922233205
0.0985487113
0.0911259926
0.3330418751
1.1285952480
0.0165685617
0.2100642093
3.1718069060
0.0560807449
2.0133309632
0.0227631747
0.0621945734
0.1264964916
0.0135094789
6.7880958113
0.4444020231
0.1626477791
0.0205933519
0.0177345940
3.0058721706
0.0561577279
0.1891664570
0.2827523538
0.0311488557
0.0610994600
0.6493991851
0.0327715765
6.7880958113
0.6059842781
4.4010512428
0.0155502832
0.8969072595
0.0720225296
0.1961897798
0.0558755122
0.0177061258
0.0186314597
0.0124380585
0.0339867097
0.0837616314
0.0869759916
0.2977740782
0.0571539597
4.7058498012
0.3338607773
0.0379385294
0.1803166854
0.0377527550
0.0581320070
0.0928818085
2.9178306139
0.0481931404
0.0977301387
0.1605775001
0.0855117016
2.0133309632
0.1225383177
0.0351712824
9.7339082691
1.2644298574
0.0328325064
0.1427761111
3.1718069060
0.0162635507
8.5685381111
0.0673145550
0.0563826308
2.0158497309
0.1769604087
0.1763811141
0.0125327315
0.3624564722
0.2105778830
7.8805929970
0.0341637550
0.4528586237
0.4256948863
1.4231313633
0.4337696993
0.2105778830
0.2112219954
5.5718762306
0.1303512321
1.1313079557
0.3552186895
0.0563434767
4.0254733698
0.0102425120
7.2551650642
0.0451013884
0.3184728063
0.4252881294
0.1153314729
0.0687621282
0.0922219677
0.6060797284
0.1955644283
0.2449096595
0.4443222334
0.0106597535
2.7349052334
0.3296132983
0.2587311164
1.5105225073
0.2747485798
0.0408805292
0.1703169446
0.0339893853
0.2783765292
0.4021260026
2.1492973976
0.5777873104
0.0784884225
0.4917236627
0.4019332215
0.3960990200
1.5787208365
0.4400229085
0.0229746058
0.7093562678
0.1333231220
0.2123344901
1.2074581869
0.1526805598
0.2967528993
0.1477684682
0.0203522663
1.8168165985
0.4190411504
0.0947239623
0.0614170359
0.0364517732
0.2487550700
0.0972912102
9.0483414271
0.0341637550
0.1699913210
0.6186481724
0.0167564134
0.1961666007
1.0903607049
0.5732082301
0.1249592432
0.0457480668
0.0283179888
0.1543184500
1.3878012048
0.4868146620
0.0619665682
0.0478152169
0.0734763951
2.1492973976
0.0646621052
0.4868146620
0.0310060008
0.5070067725
0.1517033921
0.5072044382
0.0831824716
0.3022901902
3.0981068645
0.0892669659
0.1791109130
0.7814493191
0.0192285645
5.1879580835
0.0521022684
0.0496146964
0.0362795988
0.1388960442
0.0930688119
0.3628369870
7.9683315062
7.2551650642
0.0698115028
1.8671612153
0.3082993231
4.9788570232
0.9138327552
0.4341069441
0.4872415301
0.0141592720
0.7302788860
0.0303150500
0.0614493593
0.4598023311
6.2849694311
0.9153959157
0.0186367543
0.2465502261
0.0347321464
0.2715095158
0.2704049558
11.8990642012
0.2165840824
0.0948987528
0.0524610639
0.1168968133
1.4231313633
0.7974732893
7.8805929970
0.0593383044
0.1918718115
0.0572011624
0.5732082301
0.1688987321
0.0408314893
0.0455383700
0.1048715122
0.0440688044
0.5833303629
1.3665068435
1.2995947886
0.2327572325
0.0468758640
2.5097625769
0.2732519662
0.0586360263
0.3862033153
0.0305744263
3.7795165551
1.4628442501
0.0804505418
0.5506735127
0.1611519418
0.2935333040
3.5010834700
0.3006894170
0.0146316944
0.1565584184
2.7349052334
0.0763807956
0.1388003321
0.1696340212
0.0645097364
0.3420388610
0.0222256501
3.5010834700
0.1745734004
4.9788570232
10.7661973060
0.0320977968
0.3246205923
0.0446970543
1.3980732907
0.3207907697
9.5606099318
1.8168165985
0.0597819017
1.4628442501
0.0403454754
0.0985654123
0.6098613910
0.0905630071
0.0138482102
1.1403332735
0.0268237666
0.2276924920
0.0764568573
3.0981068645
0.0104361693
0.0267859341
0.1114355739
0.0202761193
0.0290691341
0.0107168271
0.5196729793
0.1722733635
0.0425059483
0.0619886765
0.0359998079
0.6551145657
0.0236569160
0.1716410932
0.0781053079
4.9807509372
0.2872295446
1.0703901589
0.7546789650
1.0341026509
0.3946077078
0.1213439110
0.1541985945
3.1087195975
0.4315145346
0.4932825495
0.0325710530
0.2225597385
0.1739670019
0.0286948914
0.0592042068
0.7935753823
8.0278885150
1.1218375520
0.1337846788
0.1835975077
3.9174233151
0.0961049472
0.1670193999
0.2034315980
0.6136481647
1.1778739042
0.0721870158
0.0496790507
1.0341026509
2.6599466114
0.1149994756
6.1928499189
0.2053253902
0.2507547476
0.1100761633
4.7297214794
0.5345923449
2.3734972797
0.1170352179
0.3409889670
0.0508360912
0.0198917803
0.0264976362
0.1447069555
5.3609394029
0.4690126479
0.0509090663
1.9395231296
3.9024562290
0.0184662721
0.8324744637
1.1778739042
9.7770462787
0.3873318014
0.3409182511
0.0771386377
0.0345586169
4.9807509372
2.9051364253
4.3939778101
1.9232961375
0.1819196254
0.2903537558
0.0653122318
0.3475699151
0.0190322163
0.8505089125
1.5465209619
0.0927981698
0.0114115916
0.1865672305
0.2632039652
0.1319656350
0.0236569160
6.1928499189
0.0676023414
0.0699284077
1.6842148440
0.2588506809
0.0216070649
0.3244755066
0.0218637056
1.6842148440
0.0561963068
0.2239711710
0.0719654857
0.1034922776
0.3261196812
0.0381248206
0.3334374471
8.1657260528
0.0123970380
0.1013470614
4.9298702718
0.0630631844
0.2901757936
0.0340179282
0.1156694020
4.0357578220
0.1507823735
4.7297214794
0.0313142662
0.0261197624
0.2929902399
0.0450322899
1.2223446463
0.0271249264
0.9364924279
0.3874718986
9.4881943056
11.4085685098
0.3622067186
0.5656103041
0.8872564765
0.0912871806
0.0287269216
0.1754460462
2.7794371132
3.7930160978
6.8871366854
0.0340597941
0.0736487591
0.2851834880
0.1473946243
0.4897235945
0.0158752149
0.0726254642
0.0788930288
3.9024562290
0.3761857431
8.1657260528
4.9298702718
1.9395231296
0.0725831278
0.0389855639
0.0217478649
0.0485347690
0.5769455291
0.0378920021
0.9172795674
3.1087195975
0.0597852306
0.6680758617
0.7403193337
0.5672261940
5.3609394029
1.0033966572
0.0549012524
0.2531704720
0.0743504345
0.2888314241
0.0446222472
0.0166556714
0.0300041301
0.6317035141
0.0569849094
0.6699218384
0.0474686714
3.5546549347
0.4920348629
0.1125938828
3.5546549347
0.4211221269
0.2747672046
8.5071172372
0.1509567601
3.6350612939
0.3933720137
0.0129632149
0.0143383052
2.0472863325
0.0136274814
1.0703901589
0.1790965630
0.0905622614
3.4891202604
0.0263527666
0.9388947782
0.2206558036
0.6638626520
0.6638626520
0.3970951143
0.0946735876
0.1304626158
1.3378082192
0.0110110452
0.0134113772
0.3605163511
0.0377390647
0.0588061048
0.0559681378
10.0237175041
0.0548409751
0.1733522928
3.7930160978
10.0237175041
1.0697802592
0.0266788021
0.0774874276
0.8815982873
2.0095064040
0.2908837569
0.3226172628
0.6407715669
0.2681676624
0.1442321162
0.1118304008
0.6366521204
0.0130647202
0.2137708677
0.2328158443
1.0697802592
0.1551441104
0.0525056810
0.6047310458
1.2387551665
3.6306422171
0.0565604301
0.3405401098
7.0902158851
0.2632267421
0.2430022116
0.0875266850
0.5516791476
0.0573911134
0.0266788021
2.0095064040
45.2259436073
2.3135989563
0.0245698905
0.0460217477
0.3767900850
0.1217819217
0.3137625173
0.0346148149
0.1589478349
0.2789011988
1.1553339181
0.0511549318
0.0182618425
0.6822553053
0.2665458178
0.0258926339
0.0261662633
0.2905024863
3.7075668151
0.1750743198
8.1433784320
4.8815293306
4.1799397866
0.3296676322
4.1799397866
0.7833316121
0.1066533819
0.0383809825
0.1305824092
0.0252339743
0.0916957662
0.0756382859
0.1489325506
0.0276673814
0.1335159616
0.0161167517
1.0052774007
0.1083315512
1.4575815584
8.1433784320
0.0262373154
0.0202510212
0.2681676624
0.0873401538
0.6050334477
0.2143045241
0.1051831688
0.2578928550
0.0470310624
0.0134906887
3.9579480791
1.8228771695
3.3941393009
0.0222932634
0.1897518187
0.0599543640
1.6589977262
0.1791123609
0.1061563037
0.1399949335
4.9004909291
0.9224750067
0.0693046103
0.1649064177
0.0132582387
3.4423301202
11.6435415946
0.0417486116
2.7078438571
0.0747844299
0.4559685239
0.2821815668
0.1235775243
0.0994142861
0.1981294817
4.8815293306
0.0359820819
0.1594543314
1.3234422100
0.1082254363
0.6050334477
0.1286269780
0.0702346109
0.0680192766
0.2573242885
4.9004909291
0.0127700547
0.4931899386
0.6476295383
0.1597103059
0.2166077541
0.1611639981
1.8228771695
0.0687796044
0.2343188323
2.2158707014
0.6837346707
0.2424334521
0.4328973638
0.1510412425
1.5789211790
0.8690934421
0.6011955660
0.3018666314
10.2735943022
0.8895022601
0.1071375710
0.3369425242
0.0229672743
0.0133042840
0.0207948196
0.0920700281
0.4579898083
0.0153350745
0.3094505148
0.7161081667
0.1776614560
0.0851902827
7.9605915573
0.0842494777
3.4423301202
1.5789211790
0.0309037010
6.5668994556
3.7075668151
0.1213497510
0.4731669205
0.0132379499
1.0052774007
2.7382929309
6.5668994556
0.0730017186
0.0189990909
0.1357312495
5.0399182745
0.0178025242
0.0938403152
0.0723190646
1.7226703322
0.2261675435
1.6142181260
0.4749547509
0.0544824320
1.6636336173
0.6476295383
0.0124985939
1.9125812963
0.9503352946
0.0372185197
0.0467767845
0.2427960057
0.2859473167
0.0364187384
0.0287577429
0.4107611855
0.0266385509
0.2572675149
0.4162539178
0.1809306805
0.0444855253
0.5033536845
0.0136862375
0.2745523118
0.1791123609
0.4516606099
0.0149611128
0.0360718580
0.0138575746
0.6308148886
2.0000000000
2.0000000000
1.0000000000
0.9999990000
0.0000000114
0.0000000114
0.9999990000
0.9999990000
10.0000000000
10.0000000000
