124
1
3
5
15
991
29
598
556
633
241
54
49
183
345
97
443
959
430
812
516
279
289
485
272
13683
40009
26601
74839
16749
24682
19043
86917
56370
56648
34976
30275
92122
64523
55196
23832
39725
26596
82054
55012
81019
20437
1905
44046
33481
68872
89851
51089
921
16118
93355
28655
72513
44248
98964
70439
7115
73014
33023
68338
65492
4965
75660
92345
73817
19033
57494
99776
2635
19053
27096
30236
49885
25702
97190
69591
30779
54254
8372
28772
78912
60874
40940
28446
62810
45695
75650
91104
52133
8912
70290
75882
72106
35657
8805
9926
39944
291
87571
9791
89119
62200
5109
43601
76939
15092
30670
34130
49313
50808
21311
8766
78529
59693
36699
95871
29480
43012
51561
15726
