43
3 4
3
2 1
1 0
1 0
1 0
4 0
4 0
3 3
2
1 0
2 0
2 0
3 0
5 5
2
2 0
3 1
5 1
4 0
1 18
15
1 1
1 0
4 0
2 0
18 0
15 0
1 1
9 0
1 0
6 0
1 1
1 1
1 1
5 0
1 1
1 1
13 0
12 0
4 0
1 1
9 0
17 0
3 0
3 0
16 0
1 1
9 0
7 0
14 0
17 0
20 24
13
13 0
8 0
12 0
2 1
6 0
15 1
20 0
10 0
3 1
10 1
19 0
16 0
12 1
8 1
21 0
15 0
17 0
9 0
20 1
2 0
21 0
12 0
21 0
10 0
3 0
9 0
4 26
15
4 1
17 0
4 1
4 1
4 1
5 0
1 1
1 1
1 1
19 0
7 0
5 0
21 0
4 1
1 1
1 1
1 1
3 1
17 0
13 0
4 1
21 0
11 0
4 1
2 1
1 1
1 1
3 1
3 1
13 0
3 13
15
1 1
13 0
8 0
2 1
1 1
2 1
10 0
6 0
2 0
2 0
3 1
1 1
8 0
11 0
1 1
13 0
2 1
2 1
3 1
3 1
2 1
1 1
7 0
7 0
2 0
2 1
1 1
13 0
3 0
3 1
4 9
3
4 1
7 0
4 1
4 1
2 0
3 1
28 3
14
15 1
25 1
3 0
20 1
20 1
1 0
22 1
26 1
2 0
8 1
27 1
2 0
3 0
3 0
18 1
1 1
6 1
3 0
3 0
23 1
2 0
25 1
6 1
16 1
3 1
3 0
18 1
3 0
22 29
4
14 1
21 1
5 1
19 0
4 0
22 1
22 1
21 0
24 26
11
5 0
1 0
2 0
26 0
14 1
11 1
13 1
16 1
18 1
4 0
21 1
22 1
8 0
3 1
18 1
14 0
16 0
17 0
11 0
12 1
3 0
18 0
30 13
6
22 1
12 1
4 0
17 1
12 0
6 0
13 0
7 1
13 1
4 0
15 1
8 1
1 30
1
1 1
1 1
13 4
11
3 0
9 1
10 1
3 1
3 0
2 1
9 1
8 1
2 1
13 1
7 1
1 0
7 1
4 0
10 1
2 0
4 0
1 0
8 1
3 0
5 1
2 0
28 18
12
4 1
14 0
10 1
6 1
11 0
11 1
19 1
13 0
13 0
11 0
12 1
17 0
18 0
19 1
6 0
13 0
15 0
18 0
2 0
6 0
5 1
3 1
1 1
15 0
28 11
6
1 1
20 1
20 1
10 0
11 0
9 1
10 0
10 0
2 0
7 0
13 1
27 1
3 3
13
3 0
2 1
1 1
3 1
1 1
2 0
1 1
3 0
1 0
3 0
1 1
3 0
3 0
1 1
2 1
3 1
2 1
1 0
2 0
1 0
3 1
1 0
3 1
2 1
2 1
1 0
6 13
15
1 0
9 0
6 1
4 1
4 1
4 1
1 1
1 0
2 1
3 1
5 1
3 1
13 0
3 1
2 0
4 1
6 1
4 1
8 0
10 0
12 0
6 1
5 1
4 0
13 0
8 0
9 0
5 1
3 0
4 1
19 27
9
10 1
24 0
13 1
18 1
12 0
18 1
19 1
14 1
4 1
9 0
2 0
4 0
11 0
11 1
14 0
16 1
15 1
4 1
17 12
13
15 1
9 0
6 0
8 1
7 0
17 1
2 0
2 1
3 0
12 0
10 1
2 1
9 0
5 0
2 1
9 0
12 0
8 0
6 1
7 0
17 1
4 0
15 1
1 0
7 1
16 1
24 15
4
15 1
8 0
9 0
20 1
14 1
15 0
16 1
10 0
21 4
15
4 0
13 1
12 1
21 1
1 0
1 1
19 1
5 1
1 0
1 0
1 0
19 1
1 0
15 1
9 1
1 0
17 1
2 0
15 1
2 1
8 1
2 1
4 0
2 0
4 0
1 0
6 1
15 1
7 1
5 1
14 16
13
10 0
15 0
3 1
10 0
10 1
10 1
12 0
1 1
13 1
7 1
11 1
8 0
16 0
5 1
5 1
3 0
7 1
13 1
9 0
9 1
13 0
4 0
11 1
6 0
11 1
7 0
30 42
30
19 1
3 0
8 0
5 0
41 0
35 0
9 1
21 0
1 0
14 0
13 1
16 1
21 1
11 0
17 1
25 1
30 0
28 0
9 0
28 1
21 0
39 0
7 0
7 0
37 0
26 1
20 0
15 0
32 0
39 0
20 1
1 1
6 1
11 0
38 0
5 0
42 0
13 1
15 1
28 0
24 0
12 0
2 1
30 1
30 1
17 0
12 1
13 1
12 1
38 0
14 1
12 0
5 1
5 0
9 1
11 0
3 0
42 0
37 0
25 1
43 43
21
38 1
43 1
19 1
27 0
37 0
39 0
21 0
6 1
1 0
13 0
37 1
25 1
31 0
33 0
25 0
2 1
9 1
26 0
12 1
20 1
27 0
40 1
22 0
43 0
40 0
40 1
14 1
43 0
19 0
7 1
43 0
26 0
28 1
4 1
29 1
31 0
19 0
7 0
7 0
38 1
1 1
26 0
46 48
19
17 0
40 1
47 0
43 0
25 1
36 1
48 0
19 0
20 1
9 1
41 0
36 0
2 0
7 1
33 0
9 1
14 0
35 1
35 0
41 1
39 1
8 0
30 1
43 1
43 0
38 1
9 1
46 1
28 1
15 1
36 0
27 1
18 1
41 1
28 0
1 1
4 0
17 1
43 43
29
1 1
9 1
32 0
43 0
35 1
18 0
38 1
10 1
24 1
4 1
37 0
28 1
35 0
31 0
27 1
32 1
27 1
3 0
5 1
33 0
26 1
17 1
29 1
38 1
9 0
1 0
3 0
42 0
24 1
20 1
24 1
27 1
31 1
6 0
37 1
39 1
13 0
4 1
32 1
24 0
26 0
28 0
17 0
21 1
5 0
30 0
43 0
43 0
36 1
22 0
42 0
1 1
21 1
17 0
26 1
39 0
2 0
34 0
50 35
22
1 0
30 1
23 0
25 0
5 0
24 0
32 1
36 1
9 1
19 0
7 1
32 1
29 1
5 1
49 1
24 1
5 0
25 1
30 0
37 1
18 0
29 0
7 0
30 1
22 0
19 1
13 0
46 1
50 1
2 0
45 1
20 0
4 0
41 1
24 0
23 1
21 1
21 1
41 1
17 0
12 1
36 1
10 1
18 0
30 46
25
44 0
5 0
15 0
5 1
4 1
1 1
38 0
43 0
43 0
28 0
21 1
8 1
6 1
29 1
15 0
7 1
8 1
14 0
27 1
32 0
26 1
5 0
34 0
18 1
6 1
23 1
1 1
20 0
4 1
32 0
6 0
38 0
2 1
44 0
36 0
10 1
15 1
22 1
16 1
7 0
21 0
1 0
30 1
13 0
28 1
12 1
14 1
12 0
6 1
16 0
40 43
15
34 1
27 1
21 1
23 1
2 1
2 0
10 1
19 1
29 1
17 1
42 0
15 1
7 0
26 1
40 1
21 1
24 0
33 0
40 0
39 1
28 1
11 0
41 0
25 0
30 0
31 1
10 0
26 1
25 1
37 1
33 48
22
22 1
31 1
20 0
32 1
33 1
24 1
6 1
15 0
2 0
6 0
20 0
19 1
24 0
27 1
26 1
6 1
19 1
41 0
10 1
9 1
41 0
14 0
32 1
4 1
47 0
14 0
5 0
24 1
31 1
22 0
14 1
46 0
24 0
16 1
14 1
25 1
6 0
28 1
14 1
35 0
5 1
43 0
36 0
9 1
39 45
27
6 1
21 0
33 1
22 1
12 1
39 1
17 1
38 1
5 1
41 0
23 1
21 1
38 1
8 0
2 1
34 1
8 1
6 0
2 0
7 0
35 1
1 0
27 1
16 1
3 0
32 1
15 0
28 1
3 1
14 1
3 1
37 0
12 0
35 0
8 0
12 1
27 1
13 1
8 1
19 1
17 1
1 1
39 1
8 0
24 1
25 1
9 1
29 1
42 0
30 1
34 0
3 1
12 0
35 1
47 37
20
7 0
22 1
43 1
20 0
28 1
30 0
8 0
37 1
14 0
35 1
16 0
11 0
13 0
39 1
41 1
5 1
15 0
5 0
11 0
28 0
17 1
25 0
24 0
20 0
33 1
29 0
5 0
21 0
35 1
8 1
6 1
13 0
3 1
33 1
31 1
33 0
7 0
28 0
15 0
27 1
47 38
30
30 1
17 1
18 0
15 0
36 1
16 1
36 0
39 1
4 0
4 0
46 1
15 1
23 0
23 1
4 1
4 0
22 1
20 0
45 1
1 0
11 0
25 1
21 1
19 0
35 1
31 1
2 1
35 0
27 1
3 1
27 0
40 1
19 1
31 1
31 0
24 1
11 1
18 0
28 0
17 0
33 0
41 1
2 1
20 0
23 1
1 1
26 1
4 1
40 1
35 0
13 0
15 1
29 1
36 0
18 0
19 0
16 0
7 1
25 1
24 0
42 48
26
8 0
5 1
25 1
39 0
37 1
1 0
20 0
18 0
10 1
19 1
32 1
13 0
26 0
39 0
32 1
25 0
19 0
4 0
2 1
36 0
9 1
15 0
11 1
15 0
26 0
14 0
27 1
27 1
19 1
37 0
10 0
4 1
38 0
9 1
21 1
13 1
32 1
10 1
16 1
13 1
38 0
7 1
44 0
30 0
24 1
3 0
8 0
36 0
10 0
6 0
23 1
1 1
31 36
30
1 0
26 1
14 1
27 1
12 1
34 0
29 1
1 1
31 1
34 0
26 0
23 0
30 0
17 1
10 1
16 0
15 0
34 0
8 1
15 1
18 0
18 1
17 0
7 1
27 1
34 0
31 0
10 1
12 0
26 0
5 0
35 0
18 1
25 0
4 0
27 1
29 1
1 0
13 0
17 1
18 0
28 0
28 1
6 0
21 0
27 0
26 0
6 1
19 1
27 0
8 0
36 0
33 0
18 0
28 1
14 0
33 0
19 0
6 0
26 0
46 41
16
29 0
9 1
34 1
15 0
21 1
9 0
37 1
2 1
19 0
1 0
7 0
16 1
5 0
2 1
24 0
25 1
36 0
12 1
11 1
15 0
22 0
35 1
35 1
22 0
36 1
12 1
11 0
34 1
25 0
13 0
6 0
31 0
50 37
16
27 0
7 1
35 1
39 1
45 1
44 1
26 0
20 1
32 0
11 0
39 1
26 0
14 0
22 1
37 1
20 0
28 0
40 1
6 1
18 0
21 0
8 0
15 0
16 1
34 1
6 0
13 1
31 0
49 1
19 0
38 1
41 1
34 45
29
12 0
3 0
14 0
27 0
4 0
17 1
22 1
30 0
39 0
10 0
27 1
15 0
29 0
9 1
26 1
39 0
26 1
21 0
21 1
7 1
39 0
3 1
22 0
4 1
8 1
10 1
22 1
26 0
35 0
12 0
26 1
5 1
25 1
25 1
12 1
23 1
8 1
45 0
29 0
20 0
17 1
1 1
13 1
24 1
37 0
9 1
13 1
30 1
30 0
30 0
31 0
38 0
3 1
25 1
22 1
2 1
38 0
20 1
36 44
26
9 1
7 0
28 1
13 1
36 0
32 0
29 0
3 1
35 0
4 0
30 1
9 1
23 1
13 0
3 1
37 0
1 0
32 0
17 0
41 0
35 1
8 1
10 0
13 1
16 1
26 1
34 0
6 0
8 1
27 0
1 1
11 1
2 1
19 0
20 0
13 0
3 0
5 1
12 0
19 0
23 1
14 1
7 1
29 1
9 0
14 0
26 1
13 0
31 0
31 1
11 1
27 1
34 39
28
14 0
28 1
35 0
25 1
3 0
19 0
3 1
28 0
9 1
26 1
18 0
1 1
10 1
13 0
19 1
25 1
34 1
21 1
22 1
16 1
4 1
29 0
14 1
33 0
37 0
13 1
11 1
18 1
17 1
15 0
25 0
21 1
1 1
27 0
27 1
32 1
2 0
33 1
2 1
5 1
17 1
33 0
32 0
26 1
8 0
37 0
28 0
19 1
32 0
18 1
13 0
15 0
38 0
1 0
1 1
13 1
43 42
27
36 1
1 1
13 1
6 1
12 1
6 0
34 1
17 1
13 1
35 0
28 1
20 1
23 0
6 1
9 0
18 1
5 0
8 1
20 1
40 1
18 1
18 1
12 1
21 0
12 1
2 1
8 1
20 1
8 1
5 0
1 1
37 1
42 1
27 1
1 0
26 1
29 0
7 0
6 0
24 1
22 1
39 1
38 1
1 1
12 0
42 0
6 1
31 0
20 0
31 0
9 0
8 1
42 1
2 1
36 39
16
17 1
14 0
36 1
31 1
35 0
13 1
13 1
32 1
4 0
2 0
25 0
20 1
4 1
36 0
21 0
17 0
25 0
33 1
25 1
10 1
12 1
8 1
2 1
14 1
10 1
25 0
32 0
35 1
28 1
14 1
29 1
33 1
