2
1 11
1 11
3
10 10
2 2
11 11
4
89 91
1 12
1 12
89 91
5
1 8
2 76
10 19
6 16
33 42
6
10 59
20 69
30 79
40 89
50 99
50 99
2
4 17
2 94
2
7 94
4 44
2
8 83
5 77
2
1 99
8 81
2
5 82
1 73
3
8 10
2 99
7 43
3
7 67
6 80
8 68
3
4 42
7 67
6 48
3
1 48
6 11
4 63
3
9 29
6 59
9 85
4
1 57
9 41
6 89
5 58
4
4 70
4 75
8 27
7 92
4
9 90
2 56
4 15
3 19
4
9 32
1 50
2 92
3 58
4
5 81
4 87
8 63
7 79
5
5 24
7 56
3 71
5 12
5 17
5
8 68
4 77
3 17
1 40
3 81
5
7 46
1 43
4 36
7 53
4 56
5
2 14
1 89
4 51
1 55
6 23
5
9 71
2 68
8 91
7 11
9 17
6
7 28
2 14
4 60
8 73
3 65
7 88
6
8 26
5 25
1 99
8 71
5 66
1 48
6
9 34
9 74
5 31
3 76
6 43
7 75
6
9 78
6 79
6 32
1 27
7 77
3 70
6
5 88
5 40
1 73
4 24
7 27
9 33
2
45 88
68 74
2
4 37
45 97
2
9 60
89 92
2
42 79
8 33
2
20 91
25 98
3
22 72
3 34
17 55
3
10 61
5 39
16 94
3
66 99
58 61
6 83
3
2 29
3 47
82 83
3
21 34
9 73
9 99
4
8 48
69 94
4 52
9 79
4
32 62
62 78
9 61
50 75
4
51 87
6 22
3 85
30 66
4
16 48
10 91
4 44
15 34
4
6 63
12 21
8 41
6 16
5
16 42
3 58
7 12
77 87
52 92
5
7 89
41 49
6 12
3 32
6 88
5
4 27
8 21
53 92
74 87
20 85
5
16 73
1 17
5 18
8 93
54 87
5
1 20
42 61
58 95
9 85
40 77
6
48 87
6 98
74 94
19 32
68 82
3 59
6
7 96
53 96
7 94
7 63
2 73
7 34
6
59 71
53 74
58 73
8 87
27 72
50 83
6
8 92
7 45
17 25
5 44
38 64
10 38
6
57 78
81 93
22 49
8 98
66 83
34 35
2
6 64
9 22
2
10 28
6 85
2
1 3
14 17
2
1 93
1 7
2
3 52
60 97
3
5 55
6 77
41 82
3
4 9
1 9
1 4
3
5 35
5 9
3 78
3
5 13
65 68
37 39
3
1 75
39 40
25 57
4
6 30
29 64
3 38
3 17
4
80 99
77 86
6 8
88 89
4
29 56
29 88
78 85
4 76
4
5 38
7 29
7 7
7 71
4
3 45
15 45
7 9
7 35
5
9 77
81 83
7 99
8 9
1 5
5
3 69
50 76
34 90
9 9
3 73
5
4 7
1 23
1 4
4 40
3 6
5
32 47
27 45
1 63
52 54
5 99
5
1 6
58 73
3 93
8 54
19 26
6
1 61
4 45
6 6
4 5
2 7
3 4
6
6 71
12 79
1 73
3 8
10 23
9 54
6
3 7
7 8
1 4
3 72
23 68
8 12
6
3 31
5 6
31 35
17 99
8 40
3 4
6
24 98
1 5
19 20
9 73
27 95
62 97
2
15 59
17 34
2
58 72
44 65
2
23 29
18 78
2
62 69
75 80
2
52 85
18 57
2
21 90
56 63
2
57 91
10 56
2
21 98
21 79
2
11 27
17 33
2
48 52
26 31
3
1 6
64 86
43 50
3
1 52
42 92
77 78
3
5 20
6 88
59 63
3
18 54
18 27
1 10
3
7 96
36 41
14 84
3
14 39
14 82
1 20
3
8 52
7 46
30 98
3
23 79
27 35
6 62
3
57 76
33 37
31 78
3
71 74
21 52
17 48
4
11 77
1 56
9 89
86 86
4
83 99
23 64
2 91
11 64
4
10 56
30 86
43 62
80 96
4
40 69
36 67
39 81
3 61
4
33 41
18 82
55 62
19 38
4
15 37
42 45
73 95
29 89
4
52 76
58 73
32 69
13 44
4
78 79
9 60
19 92
17 39
4
65 88
7 58
5 48
5 87
4
47 73
12 51
90 99
53 80
5
42 74
17 59
75 94
50 92
37 60
5
12 35
82 87
67 86
50 84
19 47
5
3 58
17 93
55 61
6 70
21 46
5
68 84
1 78
25 85
15 16
34 57
5
1 58
3 54
44 71
71 80
37 85
5
6 86
19 89
34 52
62 64
38 79
5
34 76
5 43
30 65
33 81
2 28
5
63 80
67 69
42 56
33 95
61 99
5
50 80
45 61
26 48
80 81
7 72
5
39 74
34 37
55 72
24 41
29 97
6
21 52
30 92
61 84
4 68
65 74
30 85
6
8 37
28 75
35 96
36 52
17 82
13 92
6
65 73
42 83
45 59
37 97
2 73
28 59
6
29 81
31 52
20 56
16 63
4 63
12 93
6
54 94
20 34
25 44
8 75
47 76
2 90
6
74 89
28 89
47 64
36 62
22 56
10 12
6
3 9
37 40
49 53
72 94
42 56
3 32
6
40 43
66 70
5 59
58 73
34 53
34 48
6
43 82
72 78
9 85
90 95
5 11
39 59
6
11 84
27 80
49 83
95 98
52 84
16 43
6
1 99
1 99
1 99
1 99
1 99
1 99
6
1 9
1 99
1 9
1 99
1 9
1 99
6
10 11
1 99
10 99
1 99
1 90
11 99
6
1 23
2 34
3 45
4 56
5 67
6 78
6
1 1
1 1
99 99
9 9
10 10
11 11
2
1 1
1 1
0
