120
1
1278
659520
15625000000
1302
3551
5533
7200
5505
10662
277733
101859
17256
87318
8190384
8012012
906592
5432064
25223783
7161000
197550452
133389000
49165324
15728580
5348507164
6929337240
8739234504
16938897080
2270396196
308
1802
208
988
5328
63648
143780
10608
2468
82810
3699020
726206
1931659
2218920
216841
4091472
12974518
12418560
39605648
44461520
935015760
38202515832
572549120
929922120
26234208
825
1520
12
651
1900
153384
216
11780
108
4950
481500
1200
981120
50830
115971
192510
7321023
52448
5458320
3243264
58944
1254254400
644000
1588620
121095000
810
330
427
48
1360
560
1645
4602
289
30
1104
5304
6640
3700
38340
35880
124200
29241
4800
4096
301366
3470040
910860
2435520
93600
129076
486400
177008
4557696
302400
29288160
2923200
50961976
3882528
39321520
13767894
79872156
1990170
1599972
3219264
1761177600
8013772800
796884480
10188414720
2233188000
50621760
1449000
5280000
19015920
516922560
620442487152
602122653
12157401780
6626202833
1
1
