2
1 11
1 11
3
10 10
2 2
11 11
4
89 91
1 12
1 12
89 91
5
1 8
2 76
10 19
6 16
33 42
6
10 59
20 69
30 79
40 89
50 99
50 99
2
3 31
6 33
2
5 99
1 84
2
3 71
1 82
2
2 19
3 24
2
2 37
2 65
3
6 78
1 58
1 22
3
2 78
2 23
7 47
3
8 33
8 11
8 45
3
4 83
1 43
3 48
3
6 29
9 46
8 52
4
7 43
5 24
6 83
8 21
4
4 17
1 75
6 49
6 44
4
4 75
1 12
3 40
7 34
4
1 89
4 26
8 68
3 51
4
9 50
9 93
1 45
3 74
5
1 67
5 73
3 41
5 76
5 31
5
2 46
5 51
9 72
1 32
6 50
5
2 56
8 97
9 15
9 27
4 92
5
3 46
2 25
9 89
9 30
6 96
5
8 39
6 87
1 19
7 56
6 21
6
3 22
8 63
1 33
8 66
8 49
9 24
6
4 23
1 79
7 77
1 38
3 86
5 85
6
2 51
5 26
5 92
3 81
7 84
6 55
6
9 96
5 31
7 23
5 72
5 78
7 91
6
9 52
2 32
4 64
2 42
4 77
9 93
2
19 62
43 56
2
72 90
5 54
2
80 96
78 90
2
81 84
83 99
2
17 82
2 73
3
63 73
2 67
1 49
3
14 18
5 72
4 53
3
5 64
23 74
8 36
3
14 84
1 25
1 99
3
4 42
2 15
7 86
4
7 62
8 84
8 74
1 95
4
6 53
4 11
2 22
38 71
4
32 88
8 81
1 56
12 31
4
46 64
46 64
7 69
5 58
4
19 22
9 30
5 16
1 75
5
28 51
8 40
9 94
2 41
4 59
5
6 44
9 61
6 17
42 85
1 60
5
7 19
1 65
86 91
8 68
7 13
5
41 42
6 26
4 86
6 41
16 46
5
17 69
6 65
5 13
1 64
61 90
6
13 69
7 93
30 62
19 69
20 79
7 94
6
7 98
25 99
4 56
7 58
26 45
65 80
6
44 51
55 84
86 97
1 49
41 78
7 56
6
3 10
6 13
84 85
9 74
67 69
24 71
6
53 66
12 34
28 62
6 15
3 67
61 85
2
35 73
3 4
2
31 87
52 61
2
9 52
2 3
2
8 53
3 3
2
1 6
2 12
3
46 68
26 80
5 74
3
22 97
8 45
1 5
3
1 2
57 77
6 8
3
8 75
51 64
67 85
3
6 9
2 64
3 73
4
4 58
5 57
9 9
52 70
4
11 43
5 15
1 5
7 83
4
60 70
28 93
2 71
7 7
4
37 95
2 83
2 47
1 3
4
25 66
8 8
42 90
3 12
5
5 9
28 80
44 79
32 86
41 69
5
4 61
8 41
6 9
8 8
3 15
5
75 85
2 21
5 81
57 96
33 39
5
23 88
5 6
6 62
5 7
19 80
5
2 34
8 53
44 96
2 84
5 83
6
1 3
71 90
3 41
1 6
5 96
1 58
6
4 80
19 93
37 61
33 57
5 35
56 65
6
9 9
65 69
8 8
1 6
6 36
1 34
6
40 78
1 4
41 43
4 14
2 2
23 85
6
21 64
30 93
4 64
3 8
3 7
34 77
2
5 32
35 41
2
38 83
45 72
2
11 21
54 60
2
11 93
29 54
2
63 84
5 33
2
34 93
10 87
2
6 30
13 87
2
59 60
56 93
2
7 21
28 63
2
53 96
55 85
3
57 91
51 62
22 97
3
70 83
43 70
21 63
3
28 41
5 71
24 46
3
32 37
36 36
38 61
3
60 66
12 30
72 77
3
57 92
63 71
46 93
3
88 89
15 35
51 55
3
44 73
19 63
21 75
3
89 99
14 91
35 96
3
65 66
4 25
31 45
4
17 33
25 55
79 86
35 56
4
1 87
14 42
14 15
23 23
4
60 70
38 97
58 64
28 36
4
33 37
65 95
24 93
37 49
4
23 71
8 81
3 41
7 20
4
17 92
39 59
34 60
19 97
4
65 83
64 65
80 90
17 89
4
47 60
31 69
8 54
12 60
4
72 74
39 41
25 82
32 81
4
20 32
31 46
41 91
8 26
5
40 50
10 37
40 63
44 90
16 56
5
24 29
70 98
43 68
16 49
9 68
5
19 20
53 99
30 71
78 90
1 29
5
61 80
16 33
16 74
8 35
67 81
5
72 84
2 94
45 61
20 65
32 61
5
19 91
97 98
41 59
55 81
12 22
5
23 64
67 72
17 59
82 93
54 59
5
8 30
5 27
63 73
6 34
9 55
5
28 48
20 45
48 81
6 40
44 72
5
10 29
3 84
71 84
15 58
40 88
6
57 93
8 71
45 49
15 51
74 95
59 72
6
44 53
14 62
32 96
24 26
27 44
91 99
6
9 56
76 85
31 55
60 84
57 95
25 43
6
51 59
17 76
34 83
10 98
68 71
44 62
6
50 99
35 57
59 64
85 86
7 75
68 98
6
31 99
20 38
83 92
41 44
34 59
2 85
6
40 72
10 85
74 96
39 91
66 94
41 58
6
72 85
39 73
28 80
9 23
22 70
34 63
6
12 79
23 73
11 36
15 64
16 65
31 49
6
76 92
4 5
48 78
62 65
55 64
3 46
6
1 99
1 99
1 99
1 99
1 99
1 99
6
1 9
1 99
1 9
1 99
1 9
1 99
6
10 11
1 99
10 99
1 99
1 90
11 99
6
1 23
2 34
3 45
4 56
5 67
6 78
6
1 1
1 1
99 99
9 9
10 10
11 11
2
1 1
1 1
0
