120
1
1278
659520
15625000000
808
7645
5389
396
2216
87120
65888
3952
142754
41040
803640
1721832
857392
5817819
10888962
306581507
180708114
57791201
165831975
38221824
1431306240
24297578060
26581578650
16660649764
19227271932
616
950
221
68
4752
33594
16700
90312
166779
43327
27291768
274176
4713900
1228122
79200
146896992
65482560
2163525
3812256
54886800
44039285280
5940982400
265916160
1216512
183137500
78
570
88
46
66
88550
14440
126
18088
17092
54511
139755
50820
631536
20580
15216300
101816
4727800
1399464
498396366
70654320
1118343210
31620
324324
226744320
196
1288
77
2158
638
4680
1875
76
540
1364
31920
16856
21574
144
798
15552
210
74250
53196
660
92752
5046
41580
141050
1952944
3404268
30514
1257438
26100
201552
14244384
9228960
1488396
8920800
28363140
823878
780192
7931297
18842460
49501760
134928640
15479100
222300000
182628000
29518200
114528960
1595885544
572638500
4282980000
1855040
620442487152
602122653
12157401780
6626202833
1
1
