2
1 11
1 11
3
10 10
2 2
11 11
4
89 91
1 12
1 12
89 91
5
1 8
2 76
10 19
6 16
33 42
6
10 59
20 69
30 79
40 89
50 99
50 99
2
9 37
2 35
2
3 14
4 30
2
3 24
5 89
2
4 48
5 98
2
8 34
1 36
3
3 59
3 89
1 63
3
5 15
3 57
1 96
3
4 93
9 30
9 58
3
3 33
3 86
1 46
3
9 85
3 46
2 24
4
9 18
3 47
7 43
4 73
4
2 59
7 38
7 62
3 84
4
1 21
5 58
2 21
2 65
4
7 53
1 19
5 84
5 70
4
1 45
6 72
2 15
1 95
5
3 73
9 28
1 64
5 25
1 99
5
3 41
4 91
3 81
8 63
7 36
5
5 95
9 58
9 64
3 53
6 31
5
9 80
1 78
5 24
7 38
8 42
5
6 35
9 13
8 15
5 79
5 92
6
1 95
1 64
8 14
7 31
3 64
9 41
6
4 33
5 79
5 19
4 81
1 44
5 26
6
2 63
5 10
2 12
3 33
5 61
9 69
6
4 33
6 41
7 19
5 96
8 75
4 53
6
2 63
5 67
4 98
6 29
8 36
5 47
2
4 19
6 28
2
54 60
10 15
2
46 76
2 76
2
52 64
28 75
2
5 66
3 87
3
6 25
11 31
5 34
3
2 44
32 38
27 40
3
54 75
27 31
4 38
3
15 46
3 97
8 42
3
9 63
89 93
38 44
4
6 58
4 32
22 52
64 94
4
10 60
9 23
11 55
8 92
4
4 76
20 54
36 70
65 73
4
54 86
4 23
60 76
5 54
4
9 40
9 63
6 89
5 31
5
8 58
36 72
48 63
18 65
14 72
5
69 81
2 29
50 75
30 37
18 70
5
1 19
16 28
27 33
34 85
54 63
5
3 75
4 97
8 71
24 58
12 34
5
38 88
3 72
21 66
45 94
26 61
6
25 82
25 33
48 82
68 73
2 84
74 76
6
7 42
9 31
10 46
40 59
40 56
2 88
6
1 30
1 39
7 90
48 53
9 68
66 94
6
22 31
14 60
6 80
49 54
43 47
13 70
6
9 99
4 67
2 90
5 76
2 36
7 77
2
1 75
1 27
2
5 5
22 73
2
61 62
15 74
2
7 42
16 53
2
1 7
1 8
3
5 56
2 4
2 21
3
59 77
31 35
34 55
3
3 9
11 97
3 5
3
1 40
35 66
4 86
3
1 9
23 59
9 84
4
9 9
33 71
3 7
1 6
4
4 6
3 6
85 99
12 46
4
38 47
8 62
5 6
47 96
4
4 9
89 96
7 69
42 71
4
2 14
3 8
4 5
2 69
5
13 75
3 3
25 87
3 68
6 65
5
3 26
12 77
1 71
6 17
44 95
5
2 3
12 59
8 23
6 74
30 58
5
3 43
7 7
44 54
43 73
89 96
5
1 64
4 57
1 8
2 41
60 62
6
9 9
2 96
1 32
11 54
1 57
32 95
6
2 2
15 99
1 4
5 7
28 79
2 27
6
37 88
6 57
3 94
3 9
9 57
21 34
6
8 25
44 69
5 6
13 36
6 8
1 12
6
39 59
2 22
43 73
18 58
17 35
26 36
2
58 75
45 55
2
35 47
14 60
2
30 45
35 80
2
10 94
66 85
2
19 23
41 56
2
30 55
60 68
2
35 80
33 90
2
60 72
20 51
2
15 58
5 28
2
19 58
53 88
3
40 88
2 31
27 44
3
16 25
46 59
76 78
3
12 99
75 90
15 31
3
23 93
95 98
75 84
3
75 90
59 96
27 69
3
72 97
9 61
47 68
3
18 94
13 15
33 89
3
8 12
21 57
2 11
3
2 76
12 55
74 75
3
24 60
38 99
14 29
4
27 63
35 59
4 35
20 86
4
8 26
5 49
52 99
15 62
4
50 56
12 59
22 72
18 87
4
13 65
68 77
61 66
15 27
4
33 82
13 61
20 85
39 83
4
57 89
20 82
46 51
4 68
4
9 66
61 82
12 42
70 80
4
44 78
50 99
29 54
25 37
4
34 49
34 58
30 49
2 18
4
33 77
23 97
30 92
9 89
5
22 54
39 95
13 41
96 98
45 45
5
6 39
8 58
2 62
33 43
13 82
5
19 64
41 58
15 22
13 81
63 80
5
73 80
72 72
42 60
44 99
59 98
5
12 73
24 58
54 66
83 96
11 66
5
30 91
17 19
6 25
9 85
9 21
5
4 29
32 54
73 82
20 86
4 96
5
31 69
67 93
75 93
46 95
72 93
5
28 36
55 82
41 72
15 82
33 85
5
38 51
34 95
6 69
35 46
53 99
6
34 82
45 45
11 17
44 70
45 81
4 96
6
17 29
6 15
59 96
16 65
58 81
2 47
6
74 76
30 92
7 37
38 57
84 91
26 41
6
65 75
6 9
33 80
49 50
75 84
79 80
6
2 33
49 61
32 68
27 35
19 74
33 48
6
67 84
2 17
10 73
13 62
6 56
10 96
6
58 62
25 48
16 90
22 82
22 62
17 58
6
3 16
62 69
33 73
28 79
65 84
5 80
6
38 60
17 84
59 65
59 66
9 75
72 94
6
6 38
11 41
2 46
38 47
45 83
42 77
6
1 99
1 99
1 99
1 99
1 99
1 99
6
1 9
1 99
1 9
1 99
1 9
1 99
6
10 11
1 99
10 99
1 99
1 90
11 99
6
1 23
2 34
3 45
4 56
5 67
6 78
6
1 1
1 1
99 99
9 9
10 10
11 11
2
1 1
1 1
0
