120
1
1278
659520
15625000000
986
324
1870
4190
972
283023
55671
98304
112482
76230
1143180
8275116
1363800
4462180
3699055
177231159
418863192
325959360
122302656
7776000
1997112174
2321733780
430802316
4272091200
10059539832
368
42
2325
624
5174
12600
4214
3850
105056
1925
1477057
2926125
804825
561000
3938880
85503744
4012736
899080
335849220
295596000
27295380
906212880
953130240
61335000
79798258842
1913
52
120
1368
56
3120
2090
1827
104674
25308
1170
6300
55000
90720
10608
15399720
69024384
3073536
111848
3033528
444344064
1379040
1191252608
808704
117146799
198
611
736
1700
80
234
2668
416
1056
1440
26460
420
23936
2840
26144
30316
13167
1850
6600
36704
1983200
1969920
1199520
41340
7276500
810810
435116
591500
136000
17222625
163647
81445980
8227008
340480
22116640
3723720
37261380
22007700
29062656
31331328
31867101
272688000
14999040
84480
124121088
4089139200
945378000
362951680
134966944
646331400
620442487152
602122653
12157401780
6626202833
1
1
