2
1 11
1 11
3
10 10
2 2
11 11
4
89 91
1 12
1 12
89 91
5
1 8
2 76
10 19
6 16
33 42
6
10 59
20 69
30 79
40 89
50 99
50 99
2
1 54
2 97
2
5 41
8 38
2
8 97
3 81
2
9 26
2 73
2
2 70
2 58
3
3 48
1 95
5 49
3
6 81
8 54
1 32
3
1 97
9 59
3 88
3
3 19
1 12
8 66
3
1 28
7 62
8 71
4
3 32
8 85
6 28
8 55
4
8 97
3 94
8 40
8 39
4
9 34
7 43
8 34
9 41
4
5 86
3 29
5 99
8 96
4
8 94
9 68
7 80
8 56
5
2 21
4 98
5 70
9 83
5 81
5
7 15
1 36
5 50
2 21
5 53
5
7 88
2 82
1 88
7 93
8 20
5
2 84
6 95
6 97
2 65
5 34
5
3 12
5 70
2 68
3 76
6 10
6
1 77
1 66
9 16
2 63
1 45
6 29
6
7 43
5 70
8 45
4 45
8 71
1 40
6
7 18
6 42
6 52
4 21
4 97
3 41
6
9 25
9 61
7 52
2 20
2 37
1 79
6
4 90
6 56
3 46
8 25
6 15
7 89
2
2 46
44 67
2
1 76
9 55
2
9 43
19 39
2
21 55
45 59
2
12 13
1 21
3
1 12
4 13
3 39
3
20 52
10 58
49 89
3
6 48
3 93
87 92
3
20 61
2 46
9 25
3
35 40
8 21
80 86
4
6 38
23 84
61 77
28 88
4
38 92
7 71
1 94
4 43
4
18 71
8 39
7 31
47 71
4
5 43
11 79
34 75
17 66
4
27 93
6 10
2 36
36 99
5
9 70
35 93
6 94
17 92
21 26
5
32 68
10 67
8 31
9 63
8 21
5
38 77
43 80
34 62
6 58
12 40
5
3 25
3 59
2 27
46 77
6 70
5
2 53
9 48
5 20
9 12
85 86
6
13 52
1 26
33 71
6 57
5 67
3 51
6
43 59
3 36
62 76
6 94
1 29
5 47
6
9 77
11 40
11 77
66 84
29 44
3 64
6
5 25
18 19
24 67
9 12
55 58
3 63
6
18 43
2 55
7 78
3 97
56 90
3 21
2
7 75
36 56
2
9 9
1 14
2
24 73
6 8
2
4 5
7 47
2
20 78
5 46
3
57 72
4 52
2 38
3
19 78
3 9
33 67
3
2 4
50 65
4 8
3
2 8
11 90
1 2
3
9 64
5 55
8 68
4
3 7
5 6
3 71
4 7
4
7 44
10 72
3 47
66 88
4
53 63
3 6
69 88
4 65
4
8 78
7 8
45 57
76 98
4
30 48
51 78
38 74
1 69
5
3 9
7 57
66 97
1 71
71 91
5
9 91
5 5
5 87
8 50
5 38
5
9 82
5 93
40 92
6 7
3 9
5
4 23
9 45
1 64
2 4
8 28
5
10 92
6 11
1 81
5 8
6 25
6
24 54
6 7
1 62
62 79
36 51
73 80
6
1 3
3 96
5 73
2 6
28 84
3 8
6
4 23
6 8
36 38
4 30
9 75
46 80
6
2 42
3 6
25 79
1 2
6 33
8 36
6
19 98
9 24
6 8
1 9
9 48
2 5
2
35 59
23 33
2
9 12
50 93
2
68 99
73 90
2
71 94
70 89
2
52 86
1 4
2
76 80
3 43
2
69 90
79 90
2
33 69
19 61
2
63 91
17 21
2
5 50
55 93
3
73 76
10 65
54 68
3
19 99
10 13
19 26
3
3 22
6 16
68 90
3
43 89
11 65
26 48
3
26 57
48 62
10 39
3
37 51
2 99
42 83
3
36 82
48 53
50 70
3
13 92
3 92
12 74
3
38 67
53 55
20 64
3
71 90
7 63
54 74
4
28 86
12 36
66 75
50 65
4
20 76
21 27
49 97
15 17
4
20 84
38 47
46 69
8 38
4
45 66
44 74
50 87
40 66
4
8 86
35 62
6 91
19 52
4
33 58
16 18
29 72
25 75
4
68 84
6 53
28 78
18 43
4
55 86
84 97
15 94
67 87
4
18 43
61 71
80 89
5 71
4
4 26
31 72
75 96
3 57
5
43 51
14 21
7 53
19 47
29 35
5
47 70
19 29
41 90
15 18
57 76
5
28 30
83 99
49 87
38 41
40 81
5
1 96
24 96
8 52
9 31
8 45
5
44 66
10 62
34 50
19 70
76 81
5
22 39
20 25
66 99
65 70
79 86
5
20 67
8 87
13 39
30 72
30 92
5
69 88
1 7
49 64
6 73
29 78
5
51 57
11 72
9 99
3 30
25 91
5
47 85
3 45
21 68
85 91
1 36
6
30 65
3 33
51 54
12 15
60 82
37 90
6
64 85
24 86
23 39
2 70
14 60
15 77
6
9 96
6 94
28 97
66 92
13 69
65 77
6
63 84
8 64
58 74
17 96
2 58
1 91
6
54 94
2 66
38 72
69 94
49 59
83 85
6
13 67
14 75
25 60
73 89
54 56
43 54
6
73 89
13 63
31 63
33 90
27 79
87 87
6
57 60
6 99
2 23
16 62
4 18
39 53
6
11 38
22 41
25 33
30 63
57 64
60 82
6
45 73
84 91
71 83
68 87
68 85
63 91
6
1 99
1 99
1 99
1 99
1 99
1 99
6
1 9
1 99
1 9
1 99
1 9
1 99
6
10 11
1 99
10 99
1 99
1 90
11 99
6
1 23
2 34
3 45
4 56
5 67
6 78
6
1 1
1 1
99 99
9 9
10 10
11 11
2
1 1
1 1
0
