120
1
1278
659520
15625000000
4872
1147
7012
1296
3738
181665
112668
409197
11968
97744
2562752
8467836
857142
17906879
18771498
683591506
13738896
581996406
1134286840
15215300
2281358096
9722973664
1329708960
2140354332
2793909004
1080
3544
735
525
42
4419
66297
23478
32004
588
2121702
12843050
1080000
5651100
750400
148456272
39658080
67750960
68356368
262304
6263324480
901881722
2614029120
1803648
5978738220
1449
14
150
82
2478
28384
14700
240
1120
173656
2760
2477790
54560
42458
1358196
17033184
9907046
4886812
2970360
3227040
8856576
32195880
11396700
14566560
5529600
275
176
576
480
140
205
264
1591
145
1794
3360
2592
5060
59455
14400
61740
5922
453600
4050
23940
236000
58653
483600
699732
6460544
175032
1082016
752640
191620
1168860
686952
1056000
334152
271249320
6465576
176256
280869120
7616000
73683652
20269197
22177152
4813928658
10935025920
8349834240
80029950
75129120
87950214
85231800
31530240
31487040
620442487152
602122653
12157401780
6626202833
1
1
