50
2
47 49 18 54
9 100 81 93
15
20 18 62 7
99 55 78 7
30 63 44 71
85 30 21 12
99 35 53 4
13 41 96 88
82 39 79 66
77 55 11 55
43 21 47 49
39 36 67 52
51 11 56 60
62 30 43 53
74 20 37 5
93 26 58 37
3 33 58 24
15
94 41 48 14
34 73 37 43
19 67 77 64
1 23 96 54
43 38 70 32
16 44 37 95
86 14 43 16
36 43 88 58
41 15 17 86
34 91 49 81
76 38 58 58
36 61 91 75
74 14 49 38
9 31 70 88
51 77 67 28
21
52 74 67 50
25 2 1 24
9 8 56 1
50 4 15 7
26 8 39 78
89 5 51 32
19 24 49 46
89 40 72 29
12 32 13 77
40 51 93 76
78 87 21 94
48 5 75 93
33 33 55 77
73 98 43 4
9 70 77 84
73 7 98 5
49 76 75 28
86 65 92 89
60 7 69 20
99 6 25 51
30 19 66 44
22
67 29 40 84
53 76 36 9
100 55 40 32
21 97 63 22
61 16 56 90
51 98 55 60
35 3 63 57
20 42 52 53
29 42 57 74
56 9 50 8
25 74 43 95
15 5 77 97
78 3 45 68
70 19 37 14
3 65 59 9
93 7 82 6
7 29 16 72
82 52 68 9
78 88 87 25
7 90 88 28
0 34 77 56
53 5 17 31
9
20 58 69 41
73 41 16 78
33 7 16 93
17 10 45 77
74 6 24 55
73 72 88 46
81 39 42 72
17 88 99 79
25 80 14 23
16
48 24 28 19
48 64 75 99
12 71 94 5
29 52 61 51
79 58 38 55
64 16 56 59
47 35 91 3
80 11 18 16
80 87 47 19
54 88 24 59
30 55 68 3
57 21 50 54
96 57 85 20
60 10 42 21
21 74 97 87
92 90 39 33
13
5 59 95 78
1 92 73 33
30 51 54 8
21 80 50 51
41 5 25 33
39 0 50 51
9 36 97 87
89 27 96 48
59 24 98 84
47 66 82 56
29 31 37 8
7 30 55 34
30 73 96 54
17
88 36 94 55
62 67 13 55
45 84 79 3
9 62 89 53
47 17 25 95
62 15 61 89
44 58 72 91
77 10 29 2
11 20 11 32
96 10 32 57
56 95 72 20
90 51 48 63
54 23 77 34
32 50 53 29
45 7 91 73
88 8 4 39
19 79 9 1
22
46 7 77 72
80 41 78 31
92 65 80 47
41 28 67 50
0 10 15 17
39 83 55 41
79 12 100 11
66 82 85 59
45 34 46 73
20 52 29 38
79 73 32 87
0 74 17 86
39 62 39 100
58 65 27 51
79 74 93 86
30 43 82 50
14 32 65 24
73 80 80 90
6 91 33 73
22 71 27 78
37 53 62 33
9 87 57 35
20
66 29 81 11
14 60 34 90
31 37 72 21
90 17 48 47
54 49 78 32
28 95 71 69
95 44 91 55
50 0 78 12
63 11 80 32
22 18 8 73
75 76 8 73
86 92 37 11
87 27 44 82
39 83 11 9
75 48 26 92
1 45 19 6
91 35 11 67
24 80 63 25
35 65 43 26
68 12 86 39
7
67 84 58 54
76 46 6 34
4 66 97 85
6 70 20 45
20 39 29 86
51 88 30 57
68 43 23 26
20
92 74 66 55
74 65 71 44
63 4 6 62
92 61 16 43
30 23 48 75
36 27 57 55
19 39 45 63
59 22 57 33
11 54 52 46
84 87 59 11
23 69 83 31
82 87 91 99
62 3 81 4
68 12 37 82
23 16 63 53
67 40 19 6
48 75 85 18
51 52 54 4
35 37 2 66
80 88 53 29
5
6 38 35 13
46 7 11 44
8 77 43 66
7 5 97 27
53 27 67 42
13
79 93 8 32
78 39 46 40
81 98 98 64
71 87 79 69
3 16 19 42
70 63 95 40
52 64 3 82
46 55 11 29
33 54 91 65
51 100 19 30
61 28 45 95
60 8 10 58
33 52 39 49
12
65 100 25 97
31 13 48 6
25 65 73 68
10 59 1 2
58 39 65 57
85 9 29 72
51 50 70 22
89 46 23 9
3 26 31 45
21 45 94 52
10 57 14 90
3 29 22 41
3
45 96 74 18
67 15 42 70
91 36 2 76
13
67 54 25 54
46 30 98 78
89 48 4 80
83 79 62 95
92 5 10 86
53 82 74 57
2 16 78 74
29 60 51 36
30 94 85 16
3 32 4 83
12 73 88 84
69 61 20 53
80 30 20 35
23
89 32 7 29
40 85 36 45
50 99 80 47
91 54 35 97
31 10 87 56
8 7 80 54
63 88 78 86
37 49 49 70
36 29 76 45
52 95 75 67
40 33 61 40
92 64 81 57
79 33 98 34
86 100 77 26
31 87 34 3
44 34 43 88
16 33 45 88
0 40 53 84
53 9 1 97
40 53 54 28
21 66 46 5
59 34 93 76
80 77 45 11
18
28 19 61 95
50 77 64 80
67 42 10 65
90 25 73 65
64 42 27 68
24 21 95 41
55 44 56 95
41 25 38 44
27 92 14 64
35 15 81 3
75 36 26 36
64 31 93 8
35 85 48 23
35 56 63 4
62 72 81 14
87 1 22 32
67 92 11 45
18 17 98 15
19
37 65 39 67
18 28 27 8
57 76 82 90
77 43 81 4
55 30 45 100
44 34 46 7
55 10 85 90
58 36 76 76
65 61 48 35
62 36 22 3
1 57 19 23
5 1 19 7
21 75 14 64
79 78 87 5
56 29 94 91
73 66 64 75
83 18 27 4
9 8 52 10
46 64 62 17
3
43 54 62 57
60 100 67 28
67 58 86 77
11
51 74 85 73
69 55 62 27
91 24 39 75
8 66 29 2
94 50 45 11
79 40 78 84
4 59 76 25
71 29 86 79
23 34 45 17
42 53 58 98
31 76 20 59
7
3 69 13 46
72 90 14 30
25 14 73 40
13 41 27 17
27 98 76 50
17 13 58 9
58 93 88 61
15
30 1 45 12
87 90 85 94
31 35 47 30
21 13 38 62
26 10 12 45
31 78 7 5
41 92 95 58
14 90 49 99
99 26 66 10
66 33 99 61
10 7 22 62
74 64 13 18
57 91 43 11
36 54 12 97
28 86 45 87
11
7 99 31 79
43 62 53 71
81 20 51 60
92 30 47 10
97 1 36 90
42 3 59 79
91 69 72 53
23 69 41 83
73 34 42 99
92 38 38 21
10 39 100 96
13
40 17 40 97
70 89 34 40
10 93 41 87
51 33 84 10
96 39 71 64
41 9 97 95
90 95 21 64
91 90 37 10
95 23 37 54
92 3 46 25
100 87 42 73
22 69 62 62
88 14 98 33
15
80 68 66 31
41 47 94 69
54 46 92 87
0 22 82 3
9 65 42 24
87 50 56 49
41 47 46 3
94 72 36 43
95 73 78 50
84 43 37 19
82 34 52 63
85 29 23 99
13 92 84 53
76 48 93 66
85 90 89 40
3
75 28 93 49
74 95 67 68
63 30 4 39
16
60 79 95 49
12 64 91 40
99 5 3 63
61 26 92 42
28 85 82 8
29 67 28 48
0 0 34 7
61 22 4 40
89 70 22 85
0 2 17 99
22 65 28 83
35 32 62 96
55 68 57 90
58 99 66 20
97 26 49 81
58 23 86 64
25
63 81 53 90
4 16 82 72
39 52 8 78
15 74 46 42
83 100 14 6
59 33 87 38
80 68 11 40
52 8 90 17
28 31 16 51
66 91 98 67
42 61 92 30
22 7 88 25
38 72 36 52
26 93 59 84
16 92 4 57
42 5 55 12
67 68 30 38
67 87 69 54
17 100 56 63
33 40 13 89
14 99 14 43
60 74 94 31
84 46 53 56
53 74 83 20
68 34 89 32
4
98 93 11 7
7 49 23 50
39 5 1 21
53 94 56 23
6
4 54 37 8
17 79 12 88
16 81 98 77
35 23 23 1
36 88 32 81
67 18 37 7
19
90 84 74 51
66 21 5 7
80 39 52 7
11 82 28 10
61 61 39 91
74 94 76 54
42 62 72 47
88 52 15 1
77 14 60 43
23 36 78 93
47 7 63 25
87 79 70 77
70 85 86 73
21 94 23 54
75 73 19 7
12 61 15 96
18 80 53 56
99 55 91 93
18 82 31 49
7
69 58 100 56
97 82 89 61
21 91 52 71
63 11 41 47
48 12 56 57
13 97 75 14
35 67 18 15
23
52 35 37 57
67 43 44 54
23 39 2 8
20 15 60 23
1 97 36 66
42 29 7 69
1 31 53 47
8 22 82 86
94 12 37 56
27 81 44 1
1 62 62 21
68 67 84 4
72 27 26 85
24 28 13 43
28 76 15 24
20 25 87 58
56 88 17 25
78 96 15 51
1 81 63 78
39 59 18 48
0 63 41 81
93 3 41 45
100 39 36 64
10
92 15 2 52
52 48 15 90
88 29 58 61
76 80 64 23
47 73 36 86
85 15 37 29
79 48 52 44
92 11 30 40
7 18 87 13
77 99 41 74
13
34 96 3 15
80 12 25 17
74 84 3 89
19 48 42 80
97 74 7 15
17 80 70 11
52 78 22 19
55 22 48 28
15 11 4 55
28 71 2 53
55 15 75 80
83 92 33 34
95 57 27 5
6
59 8 19 17
65 28 39 80
28 66 40 64
39 54 27 32
34 88 42 75
82 2 9 30
8
57 24 1 35
92 46 93 61
73 51 89 87
68 36 38 59
85 19 98 34
95 67 20 54
8 11 44 60
76 36 49 5
24
7 73 58 37
81 29 37 19
49 53 17 21
81 39 28 30
43 62 27 20
72 86 86 96
86 16 46 91
32 29 16 4
51 69 59 15
75 65 33 59
22 50 60 12
28 56 13 75
64 82 88 70
20 89 66 54
24 92 99 73
54 84 9 70
17 2 80 75
14 49 20 12
64 72 24 17
86 77 99 71
89 76 37 41
81 91 5 81
39 56 81 62
60 10 9 96
9
77 75 95 60
63 17 88 17
57 90 21 34
8 99 88 31
16 58 79 13
71 2 94 25
1 38 29 60
84 45 68 99
60 86 14 49
23
32 25 27 48
21 5 92 1
5 65 17 2
46 31 43 75
3 11 92 77
21 24 89 91
82 4 91 77
54 19 50 94
37 52 15 69
62 18 56 48
22 96 73 93
71 72 12 92
58 67 29 8
34 79 52 47
80 14 71 44
87 49 33 77
63 9 38 5
53 69 39 100
84 13 97 57
25 24 61 76
71 75 47 26
75 34 19 95
24 55 93 31
1
81 0 29 60
14
80 67 81 97
50 84 8 35
78 94 14 83
94 41 32 6
60 33 53 72
72 33 90 35
7 50 52 32
93 62 5 46
85 16 30 34
54 10 62 21
44 63 70 57
50 38 67 17
74 87 56 24
48 80 50 72
25
20 98 58 54
8 16 64 31
16 99 19 72
89 31 72 30
69 39 27 84
22 29 31 14
52 41 17 86
66 84 54 35
21 63 50 37
28 23 43 43
38 12 99 33
31 70 23 95
0 32 91 36
11 49 89 44
40 45 73 29
97 4 80 29
97 59 39 79
37 26 57 28
38 81 32 91
73 46 85 10
96 51 32 65
39 50 72 81
38 16 97 94
25 5 97 12
64 55 29 4
23
68 43 97 87
74 72 59 47
42 70 14 16
60 24 82 49
31 47 95 35
50 49 34 21
39 66 14 79
16 10 95 31
33 39 62 80
73 16 90 23
28 96 26 23
41 4 28 89
48 79 65 25
62 95 11 72
52 32 72 19
11 58 91 96
2 9 60 95
92 6 63 25
1 91 16 84
26 30 40 50
38 2 6 75
95 82 15 60
46 77 72 20
4
88 18 30 34
22 4 44 10
73 56 7 66
42 91 79 59
23
68 43 97 87
74 72 59 47
42 70 14 16
60 24 82 49
31 47 95 35
50 49 34 21
39 66 14 79
16 10 95 31
33 39 62 80
73 16 90 23
28 96 26 23
41 4 28 89
48 79 65 25
62 95 11 72
52 32 72 19
11 58 91 96
2 9 60 95
92 6 63 25
1 91 16 84
26 30 40 50
38 2 6 75
95 82 15 60
46 77 72 20
22
53 96 51 2
98 17 74 66
11 98 72 10
40 50 69 56
79 53 4 37
16 81 41 92
47 24 89 44
62 57 67 46
59 47 2 67
91 20 3 14
60 20 58 20
20 22 97 73
33 74 36 76
38 52 83 30
26 31 50 92
86 98 84 80
25 71 29 79
86 72 63 68
25 24 12 27
89 51 56 15
81 22 9 6
31 16 4 44
