50
44 68
1
1
0
1
0
1
0
2
0
2
1
1
1
2
1
1
0
0
1
1
0
1
0
0
1
0
0
0
1
0
0
4
2
1
0
1
0
2
1
4
0
1
5
1
0
0
2
2
0
1
0
0
2
0
1
0
2
1
1
1
1
0
1
1
0
3
0
0
57 4
0
0
2
0
54 31
1
0
1
2
1
0
0
0
0
2
1
5
1
0
0
0
1
0
1
1
1
0
0
1
0
1
0
6
1
0
0
63 30
2
2
0
0
0
0
0
0
3
4
0
1
3
0
2
2
2
0
0
0
0
0
2
1
1
0
1
0
0
1
30 36
0
1
0
0
0
2
1
2
1
1
0
0
0
0
0
1
0
0
3
0
5
1
1
1
0
0
1
0
0
1
1
0
0
0
0
0
74 49
2
0
1
0
0
2
0
1
0
0
0
1
0
0
0
0
1
0
1
0
2
1
3
7
0
9
1
1
1
0
3
0
3
2
0
3
0
0
1
1
4
0
1
0
1
0
0
0
0
40 71
2
0
0
2
0
1
1
1
2
1
3
0
0
1
0
0
2
1
0
0
0
0
0
0
1
1
3
2
0
0
2
2
0
1
0
2
3
2
0
1
0
2
0
2
0
0
1
4
1
0
0
1
0
1
1
1
0
1
0
0
1
0
3
0
1
0
2
0
2
1
0
56 61
2
1
1
2
0
0
1
0
5
0
3
0
1
5
2
5
0
3
0
0
3
0
0
1
6
1
0
2
0
0
4
0
2
2
0
3
1
0
1
2
4
0
1
2
3
4
0
1
0
0
0
0
0
2
0
2
1
1
1
1
0
1 20
1
2
1
0
0
3
1
0
0
1
0
0
3
1
1
1
0
0
2
0
20 29
1
0
0
1
0
1
1
0
2
2
4
0
1
4
2
3
1
6
1
0
2
5
0
0
0
3
0
1
0
86 65
0
1
1
0
0
0
0
2
0
0
0
0
1
0
0
2
0
4
1
0
4
4
6
2
0
1
0
0
2
3
4
1
3
1
0
1
0
0
2
0
1
4
1
2
2
3
0
0
2
2
0
0
2
0
0
0
0
1
3
1
2
1
0
1
1
26 100
12
4
0
2
0
1
5
0
1
0
1
1
0
1
8
0
1
0
0
2
0
0
2
1
1
0
0
0
0
1
0
4
3
1
4
3
3
2
1
2
0
2
0
2
0
0
0
0
0
1
0
0
1
2
3
0
0
0
0
2
0
1
1
0
2
0
2
0
1
1
1
0
1
3
3
0
1
1
1
0
6
2
3
0
0
0
2
0
1
1
0
0
0
0
0
3
1
0
1
7
55 38
2
0
2
0
0
2
0
2
0
0
0
0
2
2
1
0
1
0
0
0
6
0
1
0
1
0
1
0
2
0
0
1
0
3
0
5
3
1
74 30
1
5
2
0
0
2
0
3
1
0
0
2
3
0
0
2
2
2
5
1
0
0
0
1
2
1
0
3
3
0
66 32
0
0
0
0
1
0
0
0
1
0
3
3
2
1
1
0
0
3
1
0
0
0
0
3
0
0
0
2
2
0
3
0
38 74
0
2
0
1
0
0
1
4
3
0
1
0
0
3
0
0
1
2
1
1
5
0
0
4
1
10
1
2
0
0
2
0
0
0
3
1
0
1
0
0
1
1
1
0
1
0
0
2
0
1
1
1
0
0
1
2
0
1
0
0
0
0
1
0
2
4
0
1
1
2
0
1
0
3
25 10
2
1
1
1
0
2
1
0
0
3
33 30
0
0
0
0
1
1
1
1
3
1
1
0
0
0
2
1
0
1
1
3
2
5
0
0
0
1
0
0
0
0
38 62
1
1
5
0
1
1
3
1
0
1
0
0
0
0
1
0
0
0
2
0
0
0
3
0
4
1
0
0
0
2
4
0
0
2
0
3
1
3
1
0
3
2
1
0
0
2
0
1
0
0
0
0
0
1
0
0
0
0
0
0
0
0
87 88
0
0
0
4
0
1
1
1
4
0
0
0
0
0
1
2
2
3
1
0
1
4
2
0
0
1
4
1
1
2
2
0
0
1
0
1
0
0
1
0
1
1
1
2
10
0
1
2
1
0
1
0
0
3
0
1
0
2
0
0
2
0
1
3
1
0
0
1
0
0
2
0
1
0
0
3
0
0
0
3
2
1
0
1
0
5
1
1
13 37
1
0
0
2
2
2
1
3
0
1
3
0
0
0
1
2
1
0
0
1
0
0
3
0
1
1
1
0
0
0
0
1
0
0
0
0
0
76 47
2
0
1
0
0
0
0
0
0
0
1
4
0
1
2
0
0
1
0
2
0
1
1
2
2
1
1
1
1
3
2
1
1
0
1
1
5
0
8
0
3
0
0
2
1
0
1
23 81
0
1
1
0
1
0
0
0
0
0
2
0
5
1
4
1
0
0
0
0
0
1
0
0
0
2
1
2
1
0
1
2
0
0
2
0
0
2
2
4
0
1
5
1
0
0
2
0
0
1
1
6
0
1
0
0
2
1
2
0
0
3
2
0
0
0
2
4
2
1
0
0
0
0
4
1
1
0
0
0
0
22 50
0
0
1
0
0
2
0
3
0
0
1
0
2
0
0
6
0
0
5
2
0
0
3
0
1
2
0
0
0
0
0
0
5
0
1
0
6
0
0
0
0
0
1
2
4
0
1
0
4
0
5 33
2
4
0
4
0
0
1
0
0
0
2
2
2
0
0
0
0
1
0
1
2
1
1
2
0
0
0
0
0
1
3
4
7
19 50
1
0
0
0
0
0
2
0
3
1
0
0
1
0
0
1
0
4
2
2
1
0
1
0
2
0
4
0
0
2
3
4
1
0
0
2
1
1
0
2
0
4
0
2
0
1
1
0
3
0
96 41
2
1
2
2
0
2
0
0
1
1
0
0
0
1
0
1
2
0
1
1
2
0
0
1
0
3
4
1
2
0
1
4
0
0
0
0
2
5
1
1
3
72 34
2
1
3
1
0
8
1
0
0
0
0
1
4
0
0
4
1
1
5
0
2
0
1
0
0
0
0
0
2
0
1
1
0
1
99 60
1
0
2
0
0
3
0
1
2
0
0
0
0
1
3
0
0
0
1
5
0
0
0
1
0
0
0
3
1
0
2
2
3
0
0
0
0
2
0
0
0
1
0
2
0
0
4
0
1
0
3
0
2
0
0
0
0
0
0
2
84 53
0
4
0
3
1
0
1
1
2
2
0
1
1
1
1
2
0
0
2
0
3
0
0
0
1
0
1
0
2
0
0
0
0
3
1
2
0
0
0
1
0
0
1
0
0
0
0
0
1
0
3
0
2
21 13
14
1
3
1
3
2
0
1
0
2
1
3
2
26 16
0
0
1
1
1
2
0
1
0
1
0
0
0
5
0
0
24 56
0
2
0
0
2
0
1
3
2
2
2
0
0
1
0
0
0
1
2
1
0
1
3
4
2
0
2
4
0
0
0
0
5
5
2
3
0
3
2
1
6
0
1
0
0
0
3
0
0
0
0
1
1
0
2
2
38 62
0
0
1
0
0
0
2
0
0
0
1
0
6
0
1
1
1
0
0
3
3
2
3
0
0
1
0
0
0
5
4
2
3
1
0
0
2
1
2
0
0
0
0
0
1
0
7
2
0
0
0
1
0
1
1
3
3
1
2
2
2
0
73 78
1
0
0
0
1
1
1
0
1
2
0
0
0
0
0
0
2
1
0
1
1
0
2
0
1
0
0
0
0
0
0
0
0
2
0
1
0
0
0
0
1
0
0
1
3
1
5
0
0
1
0
3
1
1
0
1
2
0
0
0
0
1
0
1
0
1
5
1
1
1
0
2
0
0
1
0
0
1
50 21
1
0
0
0
4
0
0
1
0
0
0
1
0
0
0
0
1
0
3
3
8
92 85
1
3
1
2
3
1
0
0
0
0
0
0
1
0
3
0
0
2
2
2
0
2
1
0
3
1
1
1
1
0
0
1
2
0
2
0
0
0
1
0
0
2
4
1
0
1
0
1
2
0
0
0
0
0
1
0
0
1
3
3
0
1
2
1
0
0
0
7
0
0
0
2
1
0
0
1
0
1
0
0
1
0
3
5
2
22 20
1
1
1
0
0
1
0
1
0
0
0
0
3
0
1
1
0
1
0
2
53 39
0
2
2
0
1
1
3
0
0
0
0
2
0
0
1
0
0
1
3
0
0
1
0
2
0
0
2
0
0
7
4
1
3
3
0
0
1
3
0
38 56
0
1
0
1
3
2
4
1
0
0
2
0
1
1
0
0
1
3
1
1
0
2
2
3
2
0
0
0
0
0
2
0
3
1
2
0
0
1
1
0
2
4
0
0
2
2
0
0
0
3
1
0
1
0
2
0
44 68
1
1
0
1
0
1
0
2
0
2
1
1
1
2
1
1
0
0
1
1
0
1
0
0
1
0
0
0
1
0
0
4
2
1
0
1
0
2
1
4
0
1
5
1
0
0
2
2
0
1
0
0
2
0
1
0
2
1
1
1
1
0
1
1
0
3
0
0
12 17
0
1
0
0
0
0
5
0
1
0
0
1
0
1
0
1
0
42 10
1
1
0
2
0
0
4
1
2
0
69 30
0
0
2
0
0
1
4
1
2
0
0
0
0
3
0
0
3
0
1
1
0
2
0
1
0
0
1
0
0
0
98 9
1
2
5
0
0
4
1
2
0
61 14
1
0
1
1
0
2
10
0
0
0
2
0
3
1
46 88
1
0
0
1
3
3
1
0
2
0
0
6
0
0
4
1
1
0
1
0
1
0
0
0
0
0
0
0
2
0
0
0
1
0
2
3
3
2
0
0
0
0
4
2
0
0
1
1
0
0
1
0
0
2
0
0
0
1
0
0
2
2
0
1
0
0
1
1
1
0
1
1
3
1
1
2
0
1
3
0
0
3
5
0
0
2
1
5
27 95
0
0
0
0
0
1
0
0
1
1
1
0
0
0
0
0
0
1
0
0
0
1
0
0
0
2
0
1
0
0
0
0
1
0
2
0
0
0
1
1
2
1
0
1
2
0
0
2
3
0
4
1
0
1
1
0
0
0
3
0
0
2
1
0
0
0
0
0
1
3
0
3
0
0
0
4
1
0
0
0
0
0
2
1
1
3
0
0
3
1
2
2
1
0
0
64 26
0
1
3
0
0
2
3
1
3
1
5
0
4
0
2
0
0
0
0
0
0
2
0
1
0
0
91 48
2
0
0
0
0
6
0
1
0
0
0
0
0
0
4
0
1
0
0
0
0
1
0
1
1
0
1
2
0
1
1
0
2
1
0
0
3
1
1
3
5
1
2
0
0
0
1
2
